Metric: Kerr (a = 0.500000, using normal r coord); Source: No source; Terminations: Horizon (stop at 1.010000x(horizon radius)), Boundary sphere (R = 1000.000000), Time out (max integration steps: 1000000), ; ViewScreen position: (0.000000, 1000.000000, 1.570796, 0.000000), screen size: (15.000000, 15.000000), Mesh: simple square grid (100^2 pixels)
0 1  4
0 7  4
0 3  4
0 6  4
0 9  4
0 10  4
0 2  4
0 4  4
0 0  4
0 8  4
0 11  4
0 5  4
0 13  4
0 12  4
0 15  4
0 14  4
0 17  4
0 18  4
0 16  4
0 21  4
0 19  4
0 20  4
0 22  4
0 23  4
0 25  4
0 24  4
0 26  4
0 30  4
0 28  4
0 33  4
0 32  4
0 27  4
0 29  4
0 31  4
0 34  4
0 35  4
0 37  4
0 36  4
0 38  4
0 42  4
0 41  4
0 40  4
0 43  4
0 44  4
0 39  4
0 45  4
0 46  4
0 47  4
0 49  4
0 48  4
0 50  2
0 51  2
0 52  2
0 53  2
0 56  2
0 55  2
0 54  2
0 57  2
0 58  2
0 59  2
0 60  2
0 61  2
0 62  2
0 63  2
0 65  2
0 66  2
0 64  2
0 67  2
0 68  2
0 69  2
0 71  2
0 70  2
0 72  2
0 74  2
0 73  2
0 75  2
0 76  2
0 77  2
0 79  2
0 80  2
0 78  2
0 81  2
0 82  2
0 83  2
0 84  2
0 85  2
0 86  2
0 87  2
0 88  2
0 89  2
0 90  2
0 91  2
0 92  2
0 93  2
0 94  2
0 95  2
0 96  2
0 98  2
0 97  2
0 99  2
1 0  4
1 1  4
1 2  4
1 3  4
1 4  4
1 5  4
1 6  4
1 8  4
1 10  4
1 9  4
1 12  4
1 7  4
1 11  4
1 13  4
1 15  4
1 14  4
1 16  4
1 17  4
1 19  4
1 21  4
1 18  4
1 22  4
1 20  4
1 23  4
1 24  4
1 25  4
1 26  4
1 27  4
1 28  4
1 29  4
1 31  4
1 30  4
1 34  4
1 33  4
1 32  4
1 36  4
1 35  4
1 37  4
1 38  4
1 39  4
1 40  4
1 41  4
1 42  4
1 43  4
1 44  4
1 46  4
1 45  4
1 47  4
1 48  4
1 49  4
1 50  2
1 51  2
1 52  2
1 53  2
1 54  2
1 55  2
1 56  2
1 58  2
1 59  2
1 57  2
1 61  2
1 62  2
1 63  2
1 60  2
1 67  2
1 66  2
1 68  2
1 69  2
1 70  2
1 64  2
1 72  2
1 73  2
1 74  2
1 65  2
1 71  2
1 75  2
1 77  2
1 76  2
1 78  2
1 79  2
1 80  2
1 82  2
1 83  2
1 84  2
1 81  2
1 85  2
1 86  2
1 87  2
1 88  2
1 89  2
1 90  2
1 92  2
1 91  2
1 93  2
1 94  2
1 95  2
1 96  2
1 97  2
1 98  2
1 99  2
2 1  4
2 0  4
2 2  4
2 4  4
2 3  4
2 6  4
2 7  4
2 5  4
2 8  4
2 10  4
2 9  4
2 11  4
2 12  4
2 14  4
2 13  4
2 16  4
2 15  4
2 17  4
2 18  4
2 19  4
2 20  4
2 22  4
2 21  4
2 23  4
2 25  4
2 26  4
2 24  4
2 27  4
2 28  4
2 30  4
2 31  4
2 29  4
2 32  4
2 34  4
2 33  4
2 36  4
2 35  4
2 37  4
2 38  4
2 39  4
2 40  4
2 41  4
2 43  4
2 42  4
2 44  4
2 47  4
2 51  2
2 50  2
2 46  4
2 49  4
2 45  4
2 52  2
2 53  2
2 54  2
2 48  4
2 55  2
2 57  2
2 56  2
2 59  2
2 58  2
2 61  2
2 60  2
2 63  2
2 62  2
2 65  2
2 64  2
2 67  2
2 66  2
2 68  2
2 71  2
2 70  2
2 69  2
2 72  2
2 74  2
2 73  2
2 77  2
2 76  2
2 75  2
2 78  2
2 79  2
2 80  2
2 81  2
2 82  2
2 84  2
2 85  2
2 83  2
2 87  2
2 88  2
2 90  2
2 86  2
2 89  2
2 91  2
2 92  2
2 93  2
2 94  2
2 96  2
2 95  2
2 99  2
2 97  2
3 0  4
2 98  2
3 1  4
3 2  4
3 3  4
3 4  4
3 5  4
3 6  4
3 7  4
3 9  4
3 8  4
3 12  4
3 10  4
3 11  4
3 13  4
3 14  4
3 15  4
3 16  4
3 17  4
3 18  4
3 19  4
3 22  4
3 20  4
3 21  4
3 23  4
3 24  4
3 25  4
3 26  4
3 27  4
3 28  4
3 29  4
3 30  4
3 31  4
3 32  4
3 33  4
3 34  4
3 36  4
3 35  4
3 37  4
3 38  4
3 40  4
3 39  4
3 41  4
3 42  4
3 45  4
3 43  4
3 44  4
3 46  4
3 47  4
3 48  4
3 49  4
3 51  2
3 50  2
3 53  2
3 54  2
3 55  2
3 56  2
3 57  2
3 58  2
3 52  2
3 59  2
3 62  2
3 61  2
3 60  2
3 64  2
3 63  2
3 65  2
3 66  2
3 67  2
3 68  2
3 69  2
3 71  2
3 70  2
3 72  2
3 75  2
3 73  2
3 74  2
3 77  2
3 76  2
3 78  2
3 80  2
3 79  2
3 81  2
3 82  2
3 83  2
3 84  2
3 85  2
3 86  2
3 88  2
3 87  2
3 91  2
3 90  2
3 92  2
3 89  2
3 93  2
3 94  2
3 95  2
3 96  2
3 97  2
3 99  2
3 98  2
4 1  4
4 2  4
4 0  4
4 3  4
4 4  4
4 5  4
4 6  4
4 7  4
4 8  4
4 9  4
4 10  4
4 11  4
4 15  4
4 13  4
4 12  4
4 14  4
4 16  4
4 18  4
4 17  4
4 20  4
4 19  4
4 21  4
4 22  4
4 23  4
4 24  4
4 25  4
4 26  4
4 27  4
4 28  4
4 29  4
4 30  4
4 31  4
4 32  4
4 34  4
4 33  4
4 37  4
4 36  4
4 38  4
4 35  4
4 41  4
4 39  4
4 42  4
4 40  4
4 43  4
4 46  4
4 45  4
4 48  4
4 47  4
4 44  4
4 49  4
4 51  2
4 50  2
4 53  2
4 55  2
4 52  2
4 54  2
4 56  2
4 57  2
4 58  2
4 59  2
4 61  2
4 60  2
4 62  2
4 64  2
4 63  2
4 65  2
4 66  2
4 68  2
4 69  2
4 67  2
4 70  2
4 71  2
4 72  2
4 73  2
4 74  2
4 75  2
4 77  2
4 76  2
4 79  2
4 78  2
4 82  2
4 80  2
4 81  2
4 83  2
4 84  2
4 85  2
4 86  2
4 87  2
4 88  2
4 89  2
4 90  2
4 92  2
4 91  2
4 93  2
4 95  2
4 94  2
4 96  2
4 98  2
4 97  2
5 0  4
4 99  2
5 1  4
5 2  4
5 3  4
5 4  4
5 5  4
5 6  4
5 7  4
5 8  4
5 10  4
5 9  4
5 11  4
5 12  4
5 13  4
5 14  4
5 15  4
5 17  4
5 18  4
5 19  4
5 16  4
5 20  4
5 22  4
5 23  4
5 24  4
5 21  4
5 26  4
5 27  4
5 29  4
5 28  4
5 25  4
5 32  4
5 33  4
5 30  4
5 31  4
5 34  4
5 35  4
5 37  4
5 40  4
5 38  4
5 39  4
5 36  4
5 41  4
5 42  4
5 43  4
5 46  4
5 44  4
5 45  4
5 47  4
5 48  4
5 49  4
5 51  2
5 50  2
5 52  2
5 54  2
5 53  2
5 55  2
5 56  2
5 59  2
5 58  2
5 57  2
5 61  2
5 60  2
5 62  2
5 63  2
5 64  2
5 65  2
5 66  2
5 67  2
5 68  2
5 70  2
5 69  2
5 71  2
5 72  2
5 74  2
5 73  2
5 75  2
5 76  2
5 77  2
5 78  2
5 79  2
5 80  2
5 82  2
5 81  2
5 84  2
5 83  2
5 85  2
5 86  2
5 87  2
5 88  2
5 89  2
5 90  2
5 91  2
5 92  2
5 93  2
5 95  2
5 94  2
5 96  2
5 97  2
5 98  2
5 99  2
6 0  4
6 1  4
6 2  4
6 3  4
6 4  4
6 5  4
6 6  4
6 7  4
6 8  4
6 9  4
6 10  4
6 11  4
6 13  4
6 12  4
6 16  4
6 14  4
6 15  4
6 17  4
6 18  4
6 21  4
6 22  4
6 23  4
6 20  4
6 19  4
6 24  4
6 26  4
6 28  4
6 25  4
6 27  4
6 29  4
6 31  4
6 32  4
6 30  4
6 33  4
6 36  4
6 37  4
6 34  4
6 35  4
6 38  4
6 41  4
6 39  4
6 42  4
6 43  4
6 40  4
6 44  4
6 45  4
6 46  4
6 47  4
6 49  4
6 50  2
6 48  4
6 51  2
6 53  2
6 54  2
6 52  2
6 56  2
6 57  2
6 55  2
6 58  2
6 59  2
6 60  2
6 62  2
6 61  2
6 63  2
6 65  2
6 64  2
6 68  2
6 67  2
6 66  2
6 69  2
6 70  2
6 71  2
6 74  2
6 72  2
6 76  2
6 75  2
6 77  2
6 78  2
6 73  2
6 79  2
6 82  2
6 80  2
6 83  2
6 81  2
6 84  2
6 86  2
6 87  2
6 88  2
6 89  2
6 85  2
6 91  2
6 90  2
6 92  2
6 94  2
6 93  2
6 95  2
6 96  2
6 97  2
6 98  2
7 0  4
6 99  2
7 1  4
7 2  4
7 3  4
7 4  4
7 5  4
7 6  4
7 8  4
7 7  4
7 9  4
7 10  4
7 11  4
7 12  4
7 14  4
7 13  4
7 15  4
7 16  4
7 17  4
7 18  4
7 19  4
7 20  4
7 21  4
7 22  4
7 23  4
7 24  4
7 25  4
7 28  4
7 26  4
7 27  4
7 29  4
7 30  4
7 31  4
7 33  4
7 32  4
7 34  4
7 35  4
7 36  4
7 37  4
7 38  4
7 39  4
7 40  4
7 41  4
7 43  4
7 42  4
7 44  4
7 46  4
7 47  4
7 45  4
7 48  4
7 49  4
7 50  2
7 51  2
7 52  2
7 53  2
7 54  2
7 56  2
7 55  2
7 57  2
7 58  2
7 59  2
7 60  2
7 61  2
7 62  2
7 65  2
7 64  2
7 63  2
7 66  2
7 67  2
7 70  2
7 68  2
7 69  2
7 72  2
7 71  2
7 73  2
7 74  2
7 75  2
7 76  2
7 77  2
7 78  2
7 79  2
7 80  2
7 82  2
7 83  2
7 81  2
7 85  2
7 84  2
7 86  2
7 87  2
7 89  2
7 88  2
7 90  2
7 91  2
7 92  2
7 93  2
7 94  2
7 95  2
7 96  2
7 97  2
7 98  2
7 99  2
8 0  4
8 1  4
8 2  4
8 4  4
8 3  4
8 5  4
8 6  4
8 7  4
8 8  4
8 9  4
8 10  4
8 11  4
8 12  4
8 13  4
8 14  4
8 15  4
8 16  4
8 17  4
8 18  4
8 20  4
8 19  4
8 22  4
8 21  4
8 23  4
8 24  4
8 25  4
8 26  4
8 27  4
8 28  4
8 29  4
8 30  4
8 31  4
8 32  4
8 33  4
8 34  4
8 35  4
8 36  4
8 38  4
8 37  4
8 40  4
8 39  4
8 42  4
8 41  4
8 43  4
8 45  4
8 47  4
8 44  4
8 46  4
8 52  2
8 49  4
8 51  2
8 53  2
8 54  2
8 48  4
8 55  2
8 50  2
8 56  2
8 57  2
8 58  2
8 59  2
8 60  2
8 62  2
8 61  2
8 63  2
8 64  2
8 65  2
8 66  2
8 68  2
8 69  2
8 67  2
8 70  2
8 72  2
8 71  2
8 75  2
8 73  2
8 76  2
8 74  2
8 78  2
8 77  2
8 79  2
8 80  2
8 81  2
8 83  2
8 85  2
8 87  2
8 86  2
8 82  2
8 88  2
8 84  2
8 89  2
8 91  2
8 92  2
8 90  2
8 94  2
8 95  2
8 97  2
8 96  2
8 93  2
8 99  2
9 1  4
9 2  4
9 3  4
8 98  2
9 0  4
9 5  4
9 6  4
9 7  4
9 8  4
9 4  4
9 10  4
9 9  4
9 11  4
9 13  4
9 12  4
9 14  4
9 16  4
9 15  4
9 17  4
9 18  4
9 19  4
9 21  4
9 20  4
9 22  4
9 23  4
9 24  4
9 25  4
9 27  4
9 26  4
9 29  4
9 30  4
9 31  4
9 32  4
9 28  4
9 35  4
9 36  4
9 33  4
9 37  4
9 34  4
9 38  4
9 40  4
9 41  4
9 42  4
9 39  4
9 43  4
9 45  4
9 46  4
9 44  4
9 48  4
9 47  4
9 50  2
9 49  4
9 52  2
9 51  2
9 53  2
9 54  2
9 55  2
9 56  2
9 57  2
9 58  2
9 59  2
9 60  2
9 62  2
9 61  2
9 64  2
9 63  2
9 65  2
9 66  2
9 67  2
9 68  2
9 69  2
9 70  2
9 71  2
9 72  2
9 73  2
9 74  2
9 75  2
9 76  2
9 77  2
9 79  2
9 78  2
9 80  2
9 81  2
9 83  2
9 82  2
9 84  2
9 86  2
9 88  2
9 87  2
9 89  2
9 85  2
9 90  2
9 92  2
9 91  2
9 93  2
9 94  2
9 95  2
9 97  2
9 96  2
9 98  2
9 99  2
10 0  4
10 1  4
10 2  4
10 3  4
10 5  4
10 4  4
10 6  4
10 8  4
10 11  4
10 10  4
10 7  4
10 9  4
10 12  4
10 14  4
10 13  4
10 15  4
10 16  4
10 17  4
10 18  4
10 19  4
10 21  4
10 20  4
10 24  4
10 22  4
10 23  4
10 25  4
10 27  4
10 26  4
10 28  4
10 29  4
10 30  4
10 31  4
10 33  4
10 32  4
10 34  4
10 35  4
10 37  4
10 36  4
10 38  4
10 39  4
10 40  4
10 41  4
10 42  4
10 43  4
10 44  4
10 46  4
10 45  4
10 49  4
10 47  4
10 48  4
10 50  2
10 52  2
10 51  2
10 55  2
10 54  2
10 53  2
10 56  2
10 57  2
10 58  2
10 59  2
10 62  2
10 61  2
10 60  2
10 63  2
10 64  2
10 66  2
10 65  2
10 68  2
10 67  2
10 70  2
10 69  2
10 72  2
10 71  2
10 73  2
10 74  2
10 75  2
10 76  2
10 77  2
10 78  2
10 79  2
10 81  2
10 80  2
10 82  2
10 83  2
10 84  2
10 87  2
10 86  2
10 85  2
10 88  2
10 89  2
10 90  2
10 91  2
10 92  2
10 94  2
10 93  2
10 95  2
10 97  2
10 96  2
11 0  4
11 1  4
10 99  2
10 98  2
11 2  4
11 3  4
11 4  4
11 5  4
11 7  4
11 6  4
11 8  4
11 10  4
11 11  4
11 9  4
11 12  4
11 14  4
11 13  4
11 16  4
11 15  4
11 17  4
11 18  4
11 19  4
11 20  4
11 21  4
11 22  4
11 23  4
11 24  4
11 26  4
11 28  4
11 25  4
11 27  4
11 29  4
11 30  4
11 31  4
11 33  4
11 32  4
11 34  4
11 35  4
11 36  4
11 37  4
11 39  4
11 38  4
11 40  4
11 41  4
11 42  4
11 43  4
11 44  4
11 45  4
11 46  4
11 47  4
11 48  4
11 51  2
11 49  4
11 50  2
11 52  2
11 53  2
11 54  2
11 56  2
11 55  2
11 57  2
11 58  2
11 59  2
11 61  2
11 60  2
11 62  2
11 63  2
11 64  2
11 65  2
11 66  2
11 68  2
11 69  2
11 67  2
11 70  2
11 71  2
11 72  2
11 74  2
11 75  2
11 73  2
11 76  2
11 77  2
11 78  2
11 80  2
11 79  2
11 82  2
11 81  2
11 83  2
11 84  2
11 86  2
11 85  2
11 88  2
11 87  2
11 89  2
11 90  2
11 91  2
11 93  2
11 95  2
11 92  2
11 94  2
11 96  2
12 1  4
11 98  2
11 97  2
11 99  2
12 0  4
12 2  4
12 4  4
12 5  4
12 6  4
12 7  4
12 3  4
12 9  4
12 8  4
12 10  4
12 14  4
12 13  4
12 11  4
12 12  4
12 15  4
12 16  4
12 18  4
12 17  4
12 20  4
12 22  4
12 19  4
12 23  4
12 21  4
12 24  4
12 27  4
12 25  4
12 28  4
12 26  4
12 29  4
12 30  4
12 31  4
12 34  4
12 32  4
12 36  4
12 35  4
12 37  4
12 33  4
12 39  4
12 38  4
12 40  4
12 43  4
12 41  4
12 42  4
12 44  4
12 45  4
12 48  4
12 46  4
12 50  2
12 47  4
12 49  4
12 53  2
12 51  2
12 52  2
12 54  2
12 55  2
12 56  2
12 58  2
12 60  2
12 57  2
12 59  2
12 63  2
12 61  2
12 62  2
12 64  2
12 68  2
12 66  2
12 67  2
12 65  2
12 69  2
12 70  2
12 71  2
12 72  2
12 73  2
12 77  2
12 74  2
12 75  2
12 81  2
12 79  2
12 78  2
12 76  2
12 82  2
12 80  2
12 83  2
12 84  2
12 85  2
12 86  2
12 89  2
12 90  2
12 91  2
12 88  2
12 93  2
12 87  2
12 92  2
12 95  2
12 96  2
12 94  2
12 97  2
12 98  2
13 1  4
13 0  4
12 99  2
13 3  4
13 2  4
13 5  4
13 4  4
13 6  4
13 7  4
13 9  4
13 8  4
13 10  4
13 12  4
13 13  4
13 11  4
13 14  4
13 18  4
13 15  4
13 19  4
13 16  4
13 20  4
13 17  4
13 22  4
13 21  4
13 24  4
13 25  4
13 23  4
13 26  4
13 27  4
13 29  4
13 28  4
13 31  4
13 33  4
13 35  4
13 30  4
13 32  4
13 38  4
13 37  4
13 36  4
13 34  4
13 39  4
13 42  4
13 40  4
13 41  4
13 43  4
13 44  4
13 47  4
13 45  4
13 46  4
13 48  4
13 49  4
13 50  2
13 51  2
13 52  2
13 53  2
13 55  2
13 56  2
13 54  2
13 57  2
13 59  2
13 60  2
13 61  2
13 64  2
13 58  2
13 62  2
13 63  2
13 65  2
13 67  2
13 66  2
13 69  2
13 68  2
13 73  2
13 71  2
13 70  2
13 72  2
13 74  2
13 75  2
13 79  2
13 78  2
13 76  2
13 77  2
13 80  2
13 81  2
13 82  2
13 86  2
13 84  2
13 85  2
13 83  2
13 87  2
13 88  2
13 89  2
13 90  2
13 92  2
13 91  2
13 93  2
13 95  2
13 94  2
13 96  2
13 97  2
13 98  2
13 99  2
14 0  4
14 1  4
14 3  4
14 2  4
14 5  4
14 4  4
14 6  4
14 7  4
14 8  4
14 11  4
14 13  4
14 12  4
14 9  4
14 10  4
14 14  4
14 16  4
14 15  4
14 18  4
14 17  4
14 19  4
14 20  4
14 21  4
14 22  4
14 23  4
14 26  4
14 24  4
14 25  4
14 27  4
14 28  4
14 29  4
14 31  4
14 32  4
14 30  4
14 35  4
14 33  4
14 34  4
14 36  4
14 37  4
14 39  4
14 38  4
14 41  4
14 42  4
14 40  4
14 43  4
14 45  4
14 47  4
14 46  4
14 44  4
14 48  4
14 50  2
14 49  4
14 51  2
14 53  2
14 52  2
14 55  2
14 54  2
14 58  2
14 56  2
14 57  2
14 59  2
14 60  2
14 61  2
14 62  2
14 63  2
14 65  2
14 64  2
14 66  2
14 68  2
14 67  2
14 70  2
14 69  2
14 71  2
14 72  2
14 73  2
14 76  2
14 77  2
14 75  2
14 74  2
14 78  2
14 79  2
14 81  2
14 82  2
14 80  2
14 84  2
14 83  2
14 85  2
14 86  2
14 87  2
14 88  2
14 91  2
14 90  2
14 89  2
14 92  2
14 93  2
14 94  2
14 96  2
14 95  2
14 97  2
14 98  2
14 99  2
15 1  4
15 2  4
15 4  4
15 3  4
15 0  4
15 5  4
15 6  4
15 8  4
15 7  4
15 9  4
15 10  4
15 11  4
15 13  4
15 12  4
15 14  4
15 17  4
15 15  4
15 16  4
15 19  4
15 18  4
15 21  4
15 20  4
15 22  4
15 23  4
15 24  4
15 25  4
15 26  4
15 27  4
15 28  4
15 29  4
15 30  4
15 31  4
15 32  4
15 33  4
15 34  4
15 35  4
15 36  4
15 38  4
15 37  4
15 39  4
15 40  4
15 42  4
15 41  4
15 44  4
15 43  4
15 46  4
15 45  4
15 47  4
15 48  4
15 49  4
15 50  2
15 51  2
15 53  2
15 52  2
15 54  2
15 55  2
15 56  2
15 57  2
15 58  2
15 59  2
15 60  2
15 61  2
15 62  2
15 63  2
15 64  2
15 65  2
15 66  2
15 67  2
15 69  2
15 68  2
15 70  2
15 71  2
15 72  2
15 74  2
15 73  2
15 75  2
15 76  2
15 77  2
15 78  2
15 79  2
15 81  2
15 80  2
15 82  2
15 83  2
15 85  2
15 87  2
15 86  2
15 84  2
15 88  2
15 89  2
15 90  2
15 91  2
15 93  2
15 92  2
15 94  2
15 96  2
15 95  2
15 97  2
15 98  2
15 99  2
16 0  4
16 1  4
16 3  4
16 2  4
16 4  4
16 5  4
16 7  4
16 6  4
16 8  4
16 9  4
16 10  4
16 11  4
16 12  4
16 14  4
16 16  4
16 13  4
16 15  4
16 17  4
16 18  4
16 21  4
16 20  4
16 19  4
16 23  4
16 22  4
16 24  4
16 25  4
16 26  4
16 28  4
16 27  4
16 29  4
16 30  4
16 32  4
16 31  4
16 34  4
16 35  4
16 33  4
16 36  4
16 37  4
16 38  4
16 39  4
16 40  4
16 41  4
16 43  4
16 44  4
16 42  4
16 46  4
16 45  4
16 47  4
16 48  4
16 49  4
16 50  2
16 51  2
16 52  2
16 53  2
16 54  2
16 55  2
16 56  2
16 57  2
16 58  2
16 59  2
16 60  2
16 61  2
16 62  2
16 63  2
16 64  2
16 66  2
16 67  2
16 65  2
16 69  2
16 71  2
16 72  2
16 68  2
16 70  2
16 76  2
16 75  2
16 77  2
16 78  2
16 73  2
16 79  2
16 80  2
16 74  2
16 82  2
16 81  2
16 83  2
16 84  2
16 87  2
16 85  2
16 86  2
16 88  2
16 91  2
16 90  2
16 89  2
16 92  2
16 93  2
16 94  2
16 95  2
16 96  2
16 97  2
16 98  2
17 0  4
16 99  2
17 1  4
17 2  4
17 3  4
17 4  4
17 5  4
17 6  4
17 7  4
17 8  4
17 9  4
17 11  4
17 10  4
17 13  4
17 15  4
17 12  4
17 16  4
17 17  4
17 14  4
17 19  4
17 20  4
17 21  4
17 22  4
17 18  4
17 24  4
17 25  4
17 27  4
17 23  4
17 26  4
17 28  4
17 30  4
17 29  4
17 31  4
17 32  4
17 33  4
17 35  4
17 36  4
17 34  4
17 37  4
17 39  4
17 38  4
17 41  4
17 40  4
17 43  4
17 44  4
17 46  4
17 42  4
17 45  4
17 49  4
17 47  4
17 48  4
17 50  2
17 51  2
17 52  2
17 54  2
17 53  2
17 55  2
17 56  2
17 57  2
17 58  2
17 60  2
17 59  2
17 61  2
17 63  2
17 64  2
17 62  2
17 65  2
17 67  2
17 66  2
17 68  2
17 70  2
17 69  2
17 71  2
17 72  2
17 74  2
17 75  2
17 73  2
17 77  2
17 78  2
17 76  2
17 80  2
17 79  2
17 81  2
17 83  2
17 84  2
17 82  2
17 85  2
17 86  2
17 87  2
17 88  2
17 89  2
17 90  2
17 91  2
17 93  2
17 92  2
17 94  2
17 95  2
17 96  2
17 97  2
17 98  2
18 0  4
18 1  4
17 99  2
18 3  4
18 4  4
18 2  4
18 7  4
18 6  4
18 5  4
18 9  4
18 10  4
18 8  4
18 11  4
18 12  4
18 14  4
18 15  4
18 13  4
18 16  4
18 17  4
18 18  4
18 20  4
18 21  4
18 19  4
18 22  4
18 23  4
18 24  4
18 25  4
18 26  4
18 27  4
18 28  4
18 29  4
18 30  4
18 31  4
18 32  4
18 33  4
18 35  4
18 34  4
18 36  4
18 37  4
18 38  4
18 39  4
18 40  4
18 41  4
18 42  4
18 43  4
18 46  4
18 44  4
18 45  4
18 48  4
18 47  4
18 49  4
18 50  2
18 51  2
18 53  2
18 54  2
18 52  2
18 55  2
18 56  2
18 59  2
18 57  2
18 58  2
18 60  2
18 61  2
18 62  2
18 63  2
18 65  2
18 64  2
18 66  2
18 67  2
18 68  2
18 69  2
18 70  2
18 71  2
18 72  2
18 73  2
18 74  2
18 76  2
18 77  2
18 75  2
18 78  2
18 79  2
18 80  2
18 82  2
18 81  2
18 83  2
18 85  2
18 86  2
18 84  2
18 87  2
18 88  2
18 89  2
18 91  2
18 90  2
18 92  2
18 93  2
18 94  2
18 95  2
18 96  2
18 97  2
18 98  2
18 99  2
19 0  4
19 1  4
19 2  4
19 3  4
19 4  4
19 5  4
19 6  4
19 7  4
19 8  4
19 9  4
19 10  4
19 12  4
19 11  4
19 13  4
19 14  4
19 16  4
19 17  4
19 15  4
19 18  4
19 19  4
19 20  4
19 21  4
19 22  4
19 23  4
19 24  4
19 26  4
19 25  4
19 27  4
19 28  4
19 29  4
19 30  4
19 32  4
19 31  4
19 33  4
19 34  4
19 35  4
19 36  4
19 37  4
19 38  4
19 40  4
19 39  4
19 41  4
19 42  4
19 44  4
19 43  4
19 45  4
19 46  4
19 47  4
19 49  4
19 48  4
19 50  2
19 51  2
19 52  2
19 53  2
19 54  2
19 55  2
19 56  2
19 57  2
19 58  2
19 59  2
19 60  2
19 61  2
19 63  2
19 62  2
19 64  2
19 65  2
19 66  2
19 68  2
19 69  2
19 67  2
19 70  2
19 71  2
19 72  2
19 73  2
19 74  2
19 76  2
19 75  2
19 77  2
19 78  2
19 79  2
19 80  2
19 81  2
19 82  2
19 83  2
19 84  2
19 85  2
19 86  2
19 87  2
19 88  2
19 90  2
19 89  2
19 92  2
19 91  2
19 93  2
19 94  2
19 95  2
19 97  2
19 96  2
19 99  2
19 98  2
20 0  4
20 1  4
20 3  4
20 2  4
20 4  4
20 5  4
20 6  4
20 7  4
20 8  4
20 9  4
20 11  4
20 10  4
20 12  4
20 14  4
20 15  4
20 13  4
20 16  4
20 17  4
20 18  4
20 20  4
20 19  4
20 21  4
20 23  4
20 22  4
20 24  4
20 25  4
20 28  4
20 26  4
20 27  4
20 29  4
20 30  4
20 31  4
20 32  4
20 34  4
20 33  4
20 35  4
20 36  4
20 37  4
20 38  4
20 39  4
20 41  4
20 40  4
20 42  4
20 43  4
20 44  4
20 46  4
20 45  4
20 47  4
20 48  4
20 49  4
20 50  2
20 51  2
20 53  2
20 52  2
20 54  2
20 55  2
20 56  2
20 57  2
20 58  2
20 59  2
20 61  2
20 60  2
20 62  2
20 63  2
20 64  2
20 65  2
20 66  2
20 67  2
20 68  2
20 69  2
20 70  2
20 71  2
20 72  2
20 73  2
20 74  2
20 76  2
20 75  2
20 77  2
20 79  2
20 78  2
20 80  2
20 81  2
20 82  2
20 83  2
20 84  2
20 86  2
20 85  2
20 87  2
20 88  2
20 89  2
20 90  2
20 92  2
20 91  2
20 93  2
20 94  2
20 95  2
20 96  2
20 97  2
20 98  2
20 99  2
21 0  4
21 1  4
21 2  4
21 4  4
21 6  4
21 3  4
21 7  4
21 5  4
21 9  4
21 10  4
21 8  4
21 11  4
21 12  4
21 13  4
21 14  4
21 15  4
21 16  4
21 17  4
21 19  4
21 18  4
21 20  4
21 21  4
21 22  4
21 23  4
21 24  4
21 25  4
21 26  4
21 27  4
21 28  4
21 29  4
21 30  4
21 31  4
21 32  4
21 33  4
21 34  4
21 35  4
21 36  4
21 37  4
21 38  4
21 40  4
21 41  4
21 42  4
21 39  4
21 43  4
21 44  3
21 46  3
21 45  3
21 47  3
21 48  3
21 50  1
21 49  3
21 51  1
21 52  1
21 53  1
21 55  1
21 54  1
21 56  2
21 57  2
21 58  2
21 59  2
21 60  2
21 61  2
21 62  2
21 63  2
21 64  2
21 65  2
21 66  2
21 67  2
21 68  2
21 69  2
21 70  2
21 71  2
21 73  2
21 72  2
21 75  2
21 74  2
21 76  2
21 77  2
21 78  2
21 79  2
21 80  2
21 81  2
21 83  2
21 82  2
21 84  2
21 85  2
21 86  2
21 87  2
21 89  2
21 90  2
21 88  2
21 91  2
21 93  2
21 92  2
21 95  2
21 94  2
21 96  2
21 97  2
21 98  2
21 99  2
22 0  4
22 2  4
22 1  4
22 3  4
22 5  4
22 4  4
22 7  4
22 6  4
22 8  4
22 9  4
22 10  4
22 11  4
22 12  4
22 13  4
22 14  4
22 15  4
22 16  4
22 17  4
22 18  4
22 19  4
22 20  4
22 22  4
22 21  4
22 23  4
22 24  4
22 25  4
22 26  4
22 27  4
22 28  4
22 29  4
22 30  4
22 31  4
22 32  4
22 33  4
22 34  4
22 36  4
22 35  4
22 38  4
22 37  4
22 39  4
22 40  3
22 41  3
22 42  3
22 43  1
22 44  1
22 45  1
22 46  1
22 47  1
22 48  1
22 49  1
22 50  3
22 51  3
22 52  3
22 53  3
22 54  3
22 55  3
22 56  3
22 57  1
22 59  1
22 58  1
22 61  2
22 62  2
22 60  2
22 63  2
22 64  2
22 65  2
22 66  2
22 67  2
22 68  2
22 69  2
22 70  2
22 72  2
22 73  2
22 71  2
22 74  2
22 76  2
22 75  2
22 77  2
22 78  2
22 79  2
22 80  2
22 81  2
22 82  2
22 83  2
22 84  2
22 85  2
22 86  2
22 87  2
22 88  2
22 89  2
22 90  2
22 91  2
22 92  2
22 93  2
22 95  2
22 94  2
22 96  2
22 97  2
22 98  2
23 0  4
22 99  2
23 1  4
23 2  4
23 3  4
23 5  4
23 4  4
23 7  4
23 6  4
23 8  4
23 9  4
23 10  4
23 12  4
23 11  4
23 13  4
23 14  4
23 15  4
23 16  4
23 17  4
23 18  4
23 19  4
23 20  4
23 21  4
23 22  4
23 23  4
23 24  4
23 25  4
23 26  4
23 27  4
23 28  4
23 29  4
23 30  4
23 31  4
23 32  4
23 33  4
23 34  4
23 35  4
23 36  4
23 37  3
23 38  3
23 44  0
23 45  0
23 46  0
23 40  1
23 47  0
23 41  1
23 39  1
23 42  1
23 43  2
23 48  0
23 49  0
23 50  0
23 51  0
23 52  0
23 53  0
23 54  0
23 55  0
23 56  4
23 58  3
23 57  3
23 59  3
23 61  1
23 60  3
23 62  1
23 63  2
23 67  2
23 64  2
23 66  2
23 65  2
23 68  2
23 71  2
23 69  2
23 72  2
23 70  2
23 74  2
23 75  2
23 73  2
23 78  2
23 76  2
23 77  2
23 79  2
23 80  2
23 83  2
23 81  2
23 84  2
23 85  2
23 82  2
23 86  2
23 87  2
23 88  2
23 89  2
23 90  2
23 91  2
23 92  2
23 94  2
23 93  2
23 95  2
23 96  2
23 97  2
23 99  2
23 98  2
24 0  4
24 1  4
24 2  4
24 3  4
24 4  4
24 5  4
24 6  4
24 8  4
24 7  4
24 9  4
24 10  4
24 11  4
24 12  4
24 13  4
24 14  4
24 15  4
24 17  4
24 16  4
24 18  4
24 19  4
24 20  4
24 21  4
24 22  4
24 23  4
24 24  4
24 26  4
24 25  4
24 27  4
24 28  4
24 29  4
24 30  4
24 31  4
24 33  4
24 32  4
24 35  3
24 34  3
24 36  1
24 40  0
24 38  1
24 41  0
24 37  1
24 42  0
24 43  0
24 44  0
24 39  2
24 46  0
24 45  0
24 47  0
24 48  0
24 49  0
24 50  0
24 51  0
24 53  0
24 52  0
24 54  0
24 55  0
24 57  0
24 56  0
24 58  0
24 59  0
24 60  4
24 61  3
24 63  3
24 62  3
24 64  1
24 66  2
24 67  2
24 65  1
24 68  2
24 69  2
24 70  2
24 71  2
24 72  2
24 74  2
24 73  2
24 75  2
24 76  2
24 77  2
24 79  2
24 78  2
24 80  2
24 82  2
24 81  2
24 83  2
24 86  2
24 85  2
24 84  2
24 87  2
24 88  2
24 89  2
24 90  2
24 91  2
24 92  2
24 93  2
24 94  2
24 95  2
24 96  2
24 98  2
24 97  2
25 0  4
24 99  2
25 1  4
25 2  4
25 3  4
25 5  4
25 4  4
25 6  4
25 7  4
25 9  4
25 8  4
25 10  4
25 12  4
25 11  4
25 13  4
25 14  4
25 15  4
25 17  4
25 16  4
25 18  4
25 19  4
25 22  4
25 21  4
25 20  4
25 23  4
25 24  4
25 25  4
25 27  4
25 26  4
25 28  4
25 29  4
25 30  4
25 31  4
25 37  0
25 38  0
25 39  0
25 40  0
25 33  3
25 32  3
25 34  1
25 41  0
25 35  1
25 42  0
25 43  0
25 36  2
25 44  0
25 45  0
25 46  0
25 47  0
25 48  0
25 50  0
25 49  0
25 51  0
25 52  0
25 53  0
25 55  0
25 54  0
25 56  0
25 57  0
25 58  0
25 59  0
25 60  0
25 61  0
25 62  0
25 64  3
25 63  4
25 66  1
25 65  3
25 68  2
25 67  1
25 69  2
25 71  2
25 70  2
25 72  2
25 74  2
25 73  2
25 75  2
25 77  2
25 76  2
25 79  2
25 78  2
25 81  2
25 80  2
25 82  2
25 84  2
25 85  2
25 83  2
25 86  2
25 87  2
25 89  2
25 88  2
25 92  2
25 90  2
25 91  2
25 93  2
25 95  2
25 97  2
25 94  2
25 96  2
25 98  2
25 99  2
26 1  4
26 0  4
26 4  4
26 3  4
26 2  4
26 5  4
26 6  4
26 7  4
26 8  4
26 9  4
26 10  4
26 11  4
26 12  4
26 15  4
26 16  4
26 13  4
26 14  4
26 18  4
26 17  4
26 20  4
26 22  4
26 21  4
26 19  4
26 23  4
26 25  4
26 24  4
26 27  4
26 26  4
26 28  4
26 29  4
26 30  3
26 31  3
26 32  1
26 33  1
26 35  0
26 36  0
26 37  0
26 34  2
26 39  0
26 38  0
26 40  0
26 41  0
26 43  0
26 42  0
26 44  0
26 45  0
26 46  0
26 47  0
26 48  0
26 49  0
26 50  0
26 51  0
26 52  0
26 53  0
26 54  0
26 57  0
26 56  0
26 55  0
26 58  0
26 60  0
26 59  0
26 61  0
26 62  0
26 63  0
26 64  0
26 65  4
26 66  3
26 67  3
26 68  1
26 69  1
26 70  2
26 71  2
26 72  2
26 74  2
26 73  2
26 75  2
26 76  2
26 77  2
26 78  2
26 79  2
26 80  2
26 82  2
26 83  2
26 84  2
26 81  2
26 85  2
26 86  2
26 87  2
26 88  2
26 89  2
26 90  2
26 91  2
26 92  2
26 94  2
26 93  2
26 95  2
26 96  2
26 97  2
26 98  2
26 99  2
27 0  4
27 1  4
27 2  4
27 3  4
27 4  4
27 8  4
27 6  4
27 5  4
27 7  4
27 10  4
27 9  4
27 11  4
27 12  4
27 13  4
27 14  4
27 16  4
27 15  4
27 17  4
27 19  4
27 20  4
27 22  4
27 18  4
27 21  4
27 24  4
27 23  4
27 34  0
27 33  0
27 25  4
27 35  0
27 36  0
27 26  4
27 27  4
27 28  4
27 29  3
27 30  3
27 31  1
27 32  2
27 37  0
27 39  0
27 40  0
27 38  0
27 41  0
27 42  0
27 43  0
27 44  0
27 45  0
27 46  0
27 47  0
27 48  0
27 49  0
27 50  0
27 51  0
27 52  0
27 53  0
27 54  0
27 55  0
27 56  0
27 57  0
27 58  0
27 59  0
27 60  0
27 62  0
27 61  0
27 64  0
27 63  0
27 66  0
27 65  0
27 67  4
27 68  3
27 69  1
27 70  1
27 71  2
27 72  2
27 75  2
27 73  2
27 77  2
27 74  2
27 76  2
27 78  2
27 79  2
27 80  2
27 82  2
27 81  2
27 83  2
27 84  2
27 86  2
27 85  2
27 87  2
27 88  2
27 89  2
27 90  2
27 91  2
27 92  2
27 95  2
27 93  2
27 96  2
27 97  2
27 98  2
27 94  2
27 99  2
28 0  4
28 1  4
28 2  4
28 3  4
28 4  4
28 5  4
28 6  4
28 7  4
28 8  4
28 9  4
28 10  4
28 11  4
28 12  4
28 13  4
28 14  4
28 15  4
28 16  4
28 17  4
28 18  4
28 19  4
28 20  4
28 21  4
28 22  4
28 23  4
28 24  4
28 25  4
28 26  4
28 31  0
28 32  0
28 33  0
28 34  0
28 27  3
28 35  0
28 28  3
28 36  0
28 37  0
28 38  0
28 29  1
28 30  1
28 39  0
28 40  0
28 41  0
28 42  0
28 43  0
28 44  0
28 45  0
28 46  0
28 47  0
28 48  0
28 49  0
28 50  0
28 51  0
28 52  0
28 53  0
28 54  0
28 55  0
28 56  0
28 57  0
28 59  0
28 58  0
28 60  0
28 61  0
28 63  0
28 62  0
28 64  0
28 65  0
28 67  0
28 66  0
28 68  0
28 69  3
28 70  3
28 72  1
28 71  1
28 73  2
28 75  2
28 74  2
28 76  2
28 77  2
28 78  2
28 79  2
28 80  2
28 81  2
28 86  2
28 82  2
28 85  2
28 87  2
28 83  2
28 84  2
28 88  2
28 89  2
28 90  2
28 92  2
28 91  2
28 93  2
28 94  2
28 96  2
28 97  2
28 95  2
29 0  4
28 98  2
29 1  4
28 99  2
29 2  4
29 3  4
29 4  4
29 5  4
29 6  4
29 7  4
29 8  4
29 10  4
29 9  4
29 12  4
29 11  4
29 14  4
29 13  4
29 15  4
29 16  4
29 17  4
29 18  4
29 20  4
29 19  4
29 21  4
29 22  4
29 25  4
29 24  4
29 23  4
29 27  3
29 26  3
29 28  1
29 30  0
29 31  0
29 32  0
29 33  0
29 34  0
29 36  0
29 35  0
29 38  0
29 39  0
29 37  0
29 29  2
29 40  0
29 42  0
29 41  0
29 43  0
29 45  0
29 44  0
29 47  0
29 46  0
29 48  0
29 50  0
29 49  0
29 51  0
29 52  0
29 53  0
29 54  0
29 56  0
29 55  0
29 59  0
29 58  0
29 57  0
29 60  0
29 61  0
29 62  0
29 63  0
29 64  0
29 65  0
29 66  0
29 67  0
29 69  0
29 68  0
29 70  4
29 71  3
29 73  1
29 72  1
29 74  2
29 75  2
29 77  2
29 76  2
29 78  2
29 79  2
29 80  2
29 81  2
29 82  2
29 83  2
29 84  2
29 85  2
29 86  2
29 87  2
29 88  2
29 89  2
29 90  2
29 91  2
29 92  2
29 93  2
29 94  2
29 95  2
29 96  2
29 97  2
29 99  2
30 0  4
29 98  2
30 1  4
30 2  4
30 3  4
30 5  4
30 4  4
30 6  4
30 7  4
30 8  4
30 9  4
30 10  4
30 11  4
30 12  4
30 14  4
30 13  4
30 16  4
30 15  4
30 17  4
30 18  4
30 19  4
30 20  4
30 21  4
30 28  0
30 22  4
30 29  0
30 23  4
30 25  3
30 24  4
30 30  0
30 31  0
30 26  3
30 32  0
30 27  1
30 33  0
30 35  0
30 34  0
30 36  0
30 37  0
30 38  0
30 41  0
30 39  0
30 40  0
30 43  0
30 42  0
30 44  0
30 46  0
30 47  0
30 48  0
30 45  0
30 49  0
30 51  0
30 52  0
30 50  0
30 54  0
30 55  0
30 53  0
30 56  0
30 58  0
30 57  0
30 59  0
30 60  0
30 61  0
30 62  0
30 63  0
30 64  0
30 66  0
30 65  0
30 67  0
30 68  0
30 69  0
30 71  0
30 70  0
30 72  3
30 73  1
30 77  2
30 76  2
30 75  2
30 74  1
30 79  2
30 78  2
30 81  2
30 80  2
30 82  2
30 83  2
30 85  2
30 84  2
30 86  2
30 89  2
30 87  2
30 88  2
30 90  2
30 92  2
30 93  2
30 91  2
30 94  2
30 95  2
30 96  2
30 97  2
31 0  4
30 99  2
30 98  2
31 1  4
31 2  4
31 4  4
31 5  4
31 7  4
31 3  4
31 6  4
31 8  4
31 9  4
31 10  4
31 11  4
31 12  4
31 14  4
31 13  4
31 15  4
31 17  4
31 16  4
31 18  4
31 19  4
31 27  0
31 28  0
31 29  0
31 20  4
31 21  4
31 30  0
31 31  0
31 22  4
31 23  4
31 24  3
31 25  1
31 26  1
31 32  0
31 33  0
31 34  0
31 35  0
31 36  0
31 37  0
31 38  0
31 39  0
31 40  0
31 42  0
31 41  0
31 44  0
31 43  0
31 45  0
31 46  0
31 47  0
31 48  0
31 49  0
31 50  0
31 51  0
31 52  0
31 53  0
31 54  0
31 55  0
31 56  0
31 57  0
31 58  0
31 59  0
31 60  0
31 61  0
31 63  0
31 62  0
31 64  0
31 65  0
31 67  0
31 66  0
31 68  0
31 71  0
31 70  0
31 69  0
31 72  0
31 74  3
31 76  2
31 73  3
31 75  1
31 77  2
31 81  2
31 79  2
31 84  2
31 80  2
31 78  2
31 82  2
31 83  2
31 85  2
31 88  2
31 87  2
31 86  2
31 89  2
31 90  2
31 91  2
31 93  2
31 92  2
31 94  2
31 95  2
31 96  2
31 97  2
31 99  2
31 98  2
32 0  4
32 1  4
32 2  4
32 5  4
32 4  4
32 3  4
32 6  4
32 7  4
32 8  4
32 12  4
32 11  4
32 10  4
32 9  4
32 13  4
32 15  4
32 14  4
32 18  4
32 16  4
32 17  4
32 20  4
32 19  4
32 26  0
32 27  0
32 28  0
32 29  0
32 30  0
32 21  4
32 31  0
32 24  1
32 32  0
32 22  4
32 23  3
32 25  1
32 33  0
32 34  0
32 35  0
32 36  0
32 37  0
32 38  0
32 39  0
32 40  0
32 41  0
32 44  0
32 42  0
32 43  0
32 45  0
32 46  0
32 47  0
32 48  0
32 49  0
32 50  0
32 51  0
32 52  0
32 53  0
32 54  0
32 55  0
32 56  0
32 57  0
32 58  0
32 59  0
32 60  0
32 61  0
32 63  0
32 62  0
32 64  0
32 65  0
32 66  0
32 67  0
32 68  0
32 69  0
32 70  0
32 71  0
32 72  0
32 73  0
32 74  3
32 75  3
32 76  1
32 78  2
32 77  2
32 79  2
32 80  2
32 81  2
32 82  2
32 83  2
32 84  2
32 85  2
32 86  2
32 90  2
32 88  2
32 89  2
32 87  2
32 91  2
32 93  2
32 92  2
32 94  2
32 95  2
32 96  2
32 97  2
32 99  2
32 98  2
33 0  4
33 1  4
33 2  4
33 3  4
33 4  4
33 5  4
33 7  4
33 6  4
33 8  4
33 9  4
33 12  4
33 11  4
33 14  4
33 13  4
33 10  4
33 16  4
33 15  4
33 17  4
33 18  4
33 19  4
33 20  4
33 21  4
33 25  0
33 28  0
33 26  0
33 27  0
33 29  0
33 30  0
33 31  0
33 32  0
33 22  3
33 23  1
33 33  0
33 24  1
33 34  0
33 35  0
33 36  0
33 37  0
33 38  0
33 39  0
33 40  0
33 41  0
33 43  0
33 42  0
33 44  0
33 45  0
33 46  0
33 48  0
33 47  0
33 49  0
33 50  0
33 51  0
33 52  0
33 53  0
33 54  0
33 55  0
33 57  0
33 56  0
33 58  0
33 59  0
33 60  0
33 61  0
33 63  0
33 62  0
33 64  0
33 66  0
33 65  0
33 67  0
33 68  0
33 70  0
33 69  0
33 71  0
33 72  0
33 73  0
33 74  0
33 76  3
33 75  3
33 79  2
33 77  1
33 80  2
33 81  2
33 78  2
33 83  2
33 82  2
33 85  2
33 84  2
33 86  2
33 87  2
33 88  2
33 90  2
33 89  2
33 91  2
33 92  2
33 94  2
33 93  2
33 95  2
33 96  2
33 97  2
33 98  2
33 99  2
34 1  4
34 2  4
34 0  4
34 3  4
34 4  4
34 5  4
34 6  4
34 7  4
34 8  4
34 9  4
34 10  4
34 11  4
34 13  4
34 12  4
34 15  4
34 16  4
34 14  4
34 17  4
34 18  4
34 19  4
34 20  4
34 21  3
34 22  3
34 25  0
34 24  0
34 26  0
34 28  0
34 27  0
34 29  0
34 30  0
34 31  0
34 32  0
34 33  0
34 34  0
34 23  1
34 35  0
34 37  0
34 38  0
34 36  0
34 40  0
34 39  0
34 41  0
34 42  0
34 43  0
34 44  0
34 46  0
34 45  0
34 47  0
34 50  0
34 48  0
34 49  0
34 51  0
34 53  0
34 52  0
34 54  0
34 55  0
34 56  0
34 57  0
34 59  0
34 58  0
34 60  0
34 61  0
34 62  0
34 64  0
34 63  0
34 65  0
34 66  0
34 67  0
34 68  0
34 69  0
34 70  0
34 71  0
34 72  0
34 73  0
34 74  0
34 75  0
34 76  3
34 77  1
34 79  2
34 80  2
34 78  1
34 81  2
34 82  2
34 83  2
34 84  2
34 85  2
34 86  2
34 87  2
34 88  2
34 89  2
34 90  2
34 93  2
34 91  2
34 92  2
34 94  2
34 95  2
34 97  2
34 96  2
34 98  2
34 99  2
35 0  4
35 1  4
35 2  4
35 3  4
35 6  4
35 5  4
35 4  4
35 7  4
35 8  4
35 9  4
35 10  4
35 11  4
35 12  4
35 13  4
35 14  4
35 15  4
35 16  4
35 23  0
35 19  4
35 18  4
35 17  4
35 20  3
35 21  3
35 24  0
35 25  0
35 26  0
35 27  0
35 22  1
35 28  0
35 29  0
35 30  0
35 31  0
35 32  0
35 33  0
35 34  0
35 36  0
35 35  0
35 38  0
35 37  0
35 40  0
35 39  0
35 41  0
35 42  0
35 43  0
35 44  0
35 45  0
35 46  0
35 47  0
35 48  0
35 49  0
35 50  0
35 51  0
35 52  0
35 53  0
35 54  0
35 55  0
35 56  0
35 57  0
35 58  0
35 59  0
35 60  0
35 61  0
35 62  0
35 64  0
35 63  0
35 65  0
35 66  0
35 67  0
35 70  0
35 68  0
35 69  0
35 71  0
35 73  0
35 72  0
35 74  0
35 76  0
35 75  0
35 80  2
35 78  1
35 81  2
35 77  3
35 79  1
35 82  2
35 83  2
35 85  2
35 87  2
35 88  2
35 84  2
35 86  2
35 89  2
35 91  2
35 90  2
35 92  2
35 93  2
35 94  2
35 95  2
35 96  2
35 98  2
35 97  2
36 0  4
35 99  2
36 1  4
36 2  4
36 3  4
36 6  4
36 4  4
36 5  4
36 7  4
36 8  4
36 10  4
36 11  4
36 12  4
36 9  4
36 22  0
36 23  0
36 13  4
36 24  0
36 14  4
36 16  4
36 15  4
36 17  4
36 18  4
36 19  3
36 20  3
36 21  1
36 26  0
36 25  0
36 27  0
36 28  0
36 30  0
36 31  0
36 29  0
36 32  0
36 33  0
36 34  0
36 35  0
36 36  0
36 37  0
36 38  0
36 39  0
36 40  0
36 41  0
36 42  0
36 43  0
36 44  0
36 46  0
36 45  0
36 47  0
36 48  0
36 49  0
36 50  0
36 51  0
36 53  0
36 52  0
36 54  0
36 55  0
36 56  0
36 57  0
36 58  0
36 59  0
36 60  0
36 61  0
36 62  0
36 63  0
36 64  0
36 65  0
36 66  0
36 67  0
36 69  0
36 68  0
36 70  0
36 72  0
36 71  0
36 73  0
36 74  0
36 75  0
36 77  0
36 76  0
36 78  3
36 81  2
36 80  1
36 79  1
36 82  2
36 83  2
36 84  2
36 85  2
36 86  2
36 87  2
36 88  2
36 89  2
36 90  2
36 91  2
36 92  2
36 93  2
36 95  2
36 94  2
36 97  2
36 96  2
36 98  2
36 99  2
37 0  4
37 1  4
37 2  4
37 3  4
37 5  4
37 4  4
37 6  4
37 7  4
37 8  4
37 10  4
37 9  4
37 11  4
37 12  4
37 13  4
37 23  0
37 22  0
37 14  4
37 24  0
37 25  0
37 15  4
37 16  4
37 17  4
37 18  4
37 20  1
37 19  3
37 21  1
37 26  0
37 27  0
37 28  0
37 30  0
37 29  0
37 31  0
37 33  0
37 32  0
37 34  0
37 35  0
37 36  0
37 37  0
37 38  0
37 40  0
37 39  0
37 41  0
37 42  0
37 43  0
37 45  0
37 44  0
37 46  0
37 47  0
37 48  0
37 49  0
37 50  0
37 51  0
37 52  0
37 53  0
37 54  0
37 57  0
37 58  0
37 55  0
37 56  0
37 59  0
37 61  0
37 60  0
37 62  0
37 63  0
37 64  0
37 65  0
37 67  0
37 66  0
37 68  0
37 71  0
37 70  0
37 69  0
37 72  0
37 73  0
37 74  0
37 75  0
37 76  0
37 77  0
37 78  3
37 80  1
37 81  2
37 82  2
37 79  3
37 83  2
37 84  2
37 86  2
37 87  2
37 85  2
37 88  2
37 89  2
37 91  2
37 90  2
37 92  2
37 94  2
37 93  2
37 95  2
37 96  2
37 97  2
37 98  2
37 99  2
38 0  4
38 1  4
38 2  4
38 3  4
38 4  4
38 6  4
38 5  4
38 9  4
38 7  4
38 8  4
38 10  4
38 11  4
38 12  4
38 13  4
38 21  0
38 23  0
38 22  0
38 24  0
38 14  4
38 25  0
38 15  4
38 16  4
38 17  4
38 20  1
38 18  3
38 19  3
38 26  0
38 27  0
38 28  0
38 29  0
38 30  0
38 31  0
38 32  0
38 33  0
38 35  0
38 34  0
38 36  0
38 38  0
38 37  0
38 39  0
38 40  0
38 41  0
38 42  0
38 43  0
38 44  0
38 45  0
38 47  0
38 46  0
38 48  0
38 49  0
38 50  0
38 51  0
38 52  0
38 53  0
38 54  0
38 55  0
38 56  0
38 57  0
38 58  0
38 59  0
38 60  0
38 61  0
38 62  0
38 64  0
38 63  0
38 65  0
38 66  0
38 68  0
38 67  0
38 69  0
38 70  0
38 72  0
38 71  0
38 73  0
38 74  0
38 75  0
38 76  0
38 77  0
38 78  0
38 79  3
38 81  1
38 80  1
38 82  2
38 85  2
38 83  2
38 84  2
38 86  2
38 87  2
38 88  2
38 90  2
38 89  2
38 91  2
38 93  2
38 92  2
38 95  2
38 94  2
38 99  2
38 98  2
38 96  2
38 97  2
39 2  4
39 1  4
39 0  4
39 3  4
39 4  4
39 5  4
39 6  4
39 8  4
39 9  4
39 7  4
39 10  4
39 11  4
39 12  4
39 13  4
39 14  4
39 20  0
39 21  0
39 22  0
39 23  0
39 24  0
39 25  0
39 15  4
39 16  4
39 17  3
39 26  0
39 18  3
39 19  1
39 27  0
39 28  0
39 29  0
39 30  0
39 31  0
39 33  0
39 32  0
39 34  0
39 35  0
39 36  0
39 37  0
39 39  0
39 38  0
39 40  0
39 41  0
39 42  0
39 44  0
39 45  0
39 47  0
39 46  0
39 43  0
39 48  0
39 49  0
39 50  0
39 51  0
39 52  0
39 53  0
39 54  0
39 55  0
39 57  0
39 58  0
39 56  0
39 59  0
39 60  0
39 61  0
39 62  0
39 63  0
39 64  0
39 65  0
39 66  0
39 67  0
39 69  0
39 71  0
39 72  0
39 68  0
39 70  0
39 75  0
39 74  0
39 73  0
39 76  0
39 77  0
39 79  0
39 78  0
39 83  2
39 80  3
39 84  2
39 81  1
39 85  2
39 86  2
39 82  1
39 87  2
39 88  2
39 89  2
39 90  2
39 91  2
39 92  2
39 93  2
39 94  2
39 95  2
39 96  2
39 97  2
39 98  2
39 99  2
40 0  4
40 2  4
40 1  4
40 3  4
40 4  4
40 5  4
40 6  4
40 7  4
40 8  4
40 11  4
40 9  4
40 10  4
40 13  4
40 12  4
40 14  4
40 21  0
40 15  4
40 20  0
40 22  0
40 23  0
40 24  0
40 17  3
40 25  0
40 16  4
40 18  3
40 26  0
40 19  1
40 27  0
40 28  0
40 29  0
40 30  0
40 31  0
40 32  0
40 33  0
40 34  0
40 35  0
40 36  0
40 37  0
40 38  0
40 39  0
40 40  0
40 41  0
40 42  0
40 43  0
40 44  0
40 45  0
40 47  0
40 48  0
40 46  0
40 49  0
40 50  0
40 51  0
40 53  0
40 52  0
40 54  0
40 55  0
40 56  0
40 57  0
40 58  0
40 59  0
40 60  0
40 61  0
40 63  0
40 62  0
40 64  0
40 66  0
40 65  0
40 67  0
40 68  0
40 69  0
40 70  0
40 71  0
40 72  0
40 75  0
40 74  0
40 73  0
40 76  0
40 77  0
40 78  0
40 79  0
40 80  3
40 83  2
40 84  2
40 81  1
40 82  1
40 85  2
40 86  2
40 87  2
40 88  2
40 89  2
40 90  2
40 91  2
40 92  2
40 94  2
40 93  2
40 96  2
40 95  2
40 98  2
40 97  2
40 99  2
41 0  4
41 1  4
41 2  4
41 3  4
41 4  4
41 5  4
41 7  4
41 8  4
41 6  4
41 9  4
41 10  4
41 11  4
41 12  4
41 13  4
41 14  4
41 15  4
41 19  0
41 20  0
41 22  0
41 21  0
41 23  0
41 24  0
41 25  0
41 26  0
41 27  0
41 16  3
41 17  3
41 18  1
41 28  0
41 29  0
41 30  0
41 31  0
41 32  0
41 33  0
41 34  0
41 35  0
41 37  0
41 36  0
41 38  0
41 39  0
41 40  0
41 41  0
41 42  0
41 43  0
41 44  0
41 45  0
41 46  0
41 47  0
41 48  0
41 52  0
41 49  0
41 50  0
41 51  0
41 53  0
41 54  0
41 55  0
41 56  0
41 57  0
41 58  0
41 60  0
41 59  0
41 61  0
41 64  0
41 62  0
41 63  0
41 65  0
41 66  0
41 67  0
41 69  0
41 68  0
41 70  0
41 71  0
41 73  0
41 74  0
41 72  0
41 77  0
41 75  0
41 76  0
41 78  0
41 79  0
41 80  0
41 81  3
41 82  1
41 83  1
41 84  2
41 85  2
41 87  2
41 86  2
41 88  2
41 91  2
41 89  2
41 90  2
41 92  2
41 93  2
41 94  2
41 95  2
41 96  2
41 97  2
41 98  2
41 99  2
42 3  4
42 0  4
42 1  4
42 2  4
42 4  4
42 5  4
42 7  4
42 6  4
42 8  4
42 9  4
42 10  4
42 11  4
42 13  4
42 15  3
42 14  4
42 12  4
42 16  3
42 19  0
42 20  0
42 21  0
42 22  0
42 23  0
42 25  0
42 24  0
42 26  0
42 27  0
42 28  0
42 17  3
42 18  1
42 30  0
42 29  0
42 31  0
42 32  0
42 33  0
42 34  0
42 35  0
42 38  0
42 36  0
42 37  0
42 39  0
42 40  0
42 41  0
42 42  0
42 43  0
42 44  0
42 46  0
42 45  0
42 47  0
42 48  0
42 50  0
42 49  0
42 51  0
42 53  0
42 52  0
42 54  0
42 55  0
42 56  0
42 58  0
42 57  0
42 59  0
42 60  0
42 62  0
42 61  0
42 63  0
42 64  0
42 65  0
42 66  0
42 67  0
42 68  0
42 70  0
42 71  0
42 69  0
42 72  0
42 73  0
42 74  0
42 76  0
42 77  0
42 75  0
42 78  0
42 79  0
42 80  0
42 84  1
42 85  2
42 86  2
42 82  1
42 83  1
42 81  3
42 87  2
42 88  2
42 90  2
42 89  2
42 91  2
42 92  2
42 93  2
42 94  2
42 95  2
42 97  2
42 99  2
42 96  2
43 0  4
42 98  2
43 1  4
43 3  4
43 2  4
43 4  4
43 5  4
43 6  4
43 7  4
43 9  4
43 8  4
43 11  4
43 10  4
43 12  4
43 13  4
43 14  4
43 16  3
43 15  3
43 18  0
43 19  0
43 20  0
43 22  0
43 21  0
43 23  0
43 24  0
43 25  0
43 26  0
43 27  0
43 28  0
43 17  1
43 29  0
43 30  0
43 31  0
43 32  0
43 33  0
43 34  0
43 36  0
43 35  0
43 37  0
43 38  0
43 40  0
43 39  0
43 41  0
43 42  0
43 44  0
43 43  0
43 45  0
43 47  0
43 46  0
43 49  0
43 50  0
43 48  0
43 51  0
43 53  0
43 54  0
43 52  0
43 56  0
43 55  0
43 58  0
43 57  0
43 60  0
43 59  0
43 62  0
43 61  0
43 63  0
43 64  0
43 65  0
43 66  0
43 68  0
43 67  0
43 70  0
43 69  0
43 72  0
43 71  0
43 73  0
43 74  0
43 75  0
43 76  0
43 77  0
43 78  0
43 79  0
43 80  0
43 81  0
43 82  3
43 85  2
43 83  1
43 86  2
43 84  1
43 87  2
43 89  2
43 90  2
43 88  2
43 92  2
43 91  2
43 93  2
43 94  2
43 95  2
43 97  2
43 96  2
43 98  2
43 99  2
44 2  4
44 0  4
44 1  4
44 4  4
44 3  4
44 5  4
44 6  4
44 8  4
44 10  4
44 7  4
44 9  4
44 11  4
44 13  4
44 12  4
44 15  3
44 16  3
44 14  3
44 18  0
44 17  1
44 19  0
44 20  0
44 23  0
44 21  0
44 22  0
44 25  0
44 24  0
44 26  0
44 27  0
44 28  0
44 29  0
44 30  0
44 31  0
44 32  0
44 33  0
44 34  0
44 35  0
44 36  0
44 37  0
44 38  0
44 39  0
44 40  0
44 41  0
44 43  0
44 42  0
44 44  0
44 45  0
44 46  0
44 48  0
44 47  0
44 49  0
44 50  0
44 51  0
44 52  0
44 53  0
44 54  0
44 56  0
44 55  0
44 57  0
44 61  0
44 59  0
44 58  0
44 60  0
44 62  0
44 63  0
44 65  0
44 64  0
44 66  0
44 67  0
44 68  0
44 69  0
44 70  0
44 71  0
44 74  0
44 73  0
44 72  0
44 75  0
44 76  0
44 77  0
44 78  0
44 79  0
44 80  0
44 81  0
44 87  2
44 83  1
44 85  1
44 82  3
44 86  2
44 84  1
44 88  2
44 89  2
44 90  2
44 91  2
44 92  2
44 93  2
44 94  2
44 96  2
44 95  2
44 97  2
44 98  2
44 99  2
45 0  4
45 1  4
45 2  4
45 3  4
45 4  4
45 5  4
45 6  4
45 7  4
45 8  4
45 9  4
45 10  4
45 11  4
45 12  4
45 14  3
45 13  4
45 15  3
45 16  1
45 17  2
45 18  0
45 19  0
45 21  0
45 20  0
45 22  0
45 23  0
45 24  0
45 25  0
45 26  0
45 27  0
45 28  0
45 29  0
45 30  0
45 33  0
45 31  0
45 32  0
45 34  0
45 35  0
45 36  0
45 37  0
45 38  0
45 39  0
45 40  0
45 41  0
45 42  0
45 43  0
45 45  0
45 44  0
45 47  0
45 46  0
45 48  0
45 49  0
45 51  0
45 50  0
45 53  0
45 52  0
45 54  0
45 55  0
45 56  0
45 58  0
45 57  0
45 59  0
45 60  0
45 61  0
45 62  0
45 63  0
45 64  0
45 66  0
45 65  0
45 67  0
45 68  0
45 69  0
45 70  0
45 71  0
45 72  0
45 73  0
45 74  0
45 75  0
45 76  0
45 77  0
45 79  0
45 78  0
45 80  0
45 81  0
45 84  1
45 83  3
45 82  4
45 85  1
45 86  2
45 87  2
45 88  2
45 89  2
45 90  2
45 92  2
45 91  2
45 93  2
45 94  2
45 97  2
45 95  2
45 98  2
45 96  2
46 0  4
45 99  2
46 1  4
46 2  4
46 3  4
46 5  4
46 4  4
46 17  0
46 6  4
46 7  4
46 9  4
46 8  4
46 10  4
46 11  4
46 12  4
46 13  3
46 14  3
46 15  3
46 16  1
46 18  0
46 20  0
46 19  0
46 21  0
46 22  0
46 23  0
46 25  0
46 24  0
46 26  0
46 27  0
46 28  0
46 30  0
46 29  0
46 32  0
46 31  0
46 33  0
46 35  0
46 34  0
46 37  0
46 36  0
46 39  0
46 38  0
46 42  0
46 41  0
46 44  0
46 40  0
46 43  0
46 46  0
46 47  0
46 45  0
46 49  0
46 50  0
46 51  0
46 48  0
46 52  0
46 53  0
46 54  0
46 58  0
46 55  0
46 59  0
46 57  0
46 56  0
46 60  0
46 61  0
46 63  0
46 62  0
46 65  0
46 66  0
46 64  0
46 69  0
46 67  0
46 70  0
46 68  0
46 71  0
46 73  0
46 72  0
46 75  0
46 74  0
46 76  0
46 77  0
46 78  0
46 79  0
46 80  0
46 81  0
46 82  0
46 83  3
46 85  1
46 87  2
46 86  1
46 84  1
46 89  2
46 88  2
46 91  2
46 90  2
46 92  2
46 93  2
46 94  2
46 97  2
46 95  2
46 98  2
46 99  2
46 96  2
47 0  4
47 1  4
47 3  4
47 2  4
47 4  4
47 6  4
47 5  4
47 17  0
47 7  4
47 8  4
47 9  4
47 18  0
47 10  4
47 11  4
47 12  3
47 14  3
47 13  3
47 15  3
47 16  1
47 19  0
47 20  0
47 21  0
47 22  0
47 24  0
47 23  0
47 25  0
47 26  0
47 27  0
47 29  0
47 28  0
47 31  0
47 32  0
47 30  0
47 33  0
47 34  0
47 35  0
47 36  0
47 38  0
47 39  0
47 37  0
47 40  0
47 41  0
47 42  0
47 43  0
47 45  0
47 46  0
47 47  0
47 44  0
47 48  0
47 49  0
47 50  0
47 51  0
47 52  0
47 53  0
47 54  0
47 55  0
47 59  0
47 57  0
47 56  0
47 60  0
47 58  0
47 61  0
47 64  0
47 63  0
47 62  0
47 65  0
47 66  0
47 69  0
47 68  0
47 67  0
47 71  0
47 70  0
47 72  0
47 73  0
47 74  0
47 75  0
47 76  0
47 77  0
47 79  0
47 78  0
47 80  0
47 81  0
47 82  0
47 83  3
47 86  1
47 85  1
47 84  1
47 87  1
47 88  2
47 89  2
47 90  2
47 92  2
47 91  2
47 94  2
47 93  2
47 95  2
47 97  2
47 99  2
47 98  2
47 96  2
48 0  4
48 1  4
48 2  4
48 3  4
48 4  4
48 5  4
48 6  4
48 18  0
48 17  0
48 8  4
48 7  4
48 11  3
48 9  4
48 10  4
48 12  3
48 14  3
48 16  2
48 13  3
48 15  3
48 19  0
48 20  0
48 21  0
48 22  0
48 23  0
48 24  0
48 25  0
48 26  0
48 27  0
48 28  0
48 29  0
48 31  0
48 30  0
48 32  0
48 33  0
48 34  0
48 35  0
48 37  0
48 36  0
48 38  0
48 39  0
48 40  0
48 42  0
48 41  0
48 43  0
48 44  0
48 45  0
48 46  0
48 47  0
48 48  0
48 49  0
48 50  0
48 51  0
48 52  0
48 53  0
48 54  0
48 55  0
48 56  0
48 57  0
48 58  0
48 59  0
48 60  0
48 61  0
48 62  0
48 63  0
48 64  0
48 65  0
48 66  0
48 69  0
48 68  0
48 70  0
48 67  0
48 71  0
48 72  0
48 73  0
48 74  0
48 75  0
48 76  0
48 77  0
48 79  0
48 78  0
48 80  0
48 81  0
48 82  0
48 83  4
48 84  1
48 86  1
48 87  1
48 85  1
48 88  1
48 89  2
48 90  2
48 91  2
48 92  2
48 94  2
48 93  2
48 95  2
48 96  2
48 97  2
48 98  2
48 99  2
49 0  4
49 1  4
49 6  4
49 2  4
49 5  4
49 3  4
49 4  4
49 8  4
49 7  4
49 18  0
49 9  4
49 17  0
49 16  0
49 10  3
49 12  3
49 13  3
49 11  3
49 14  3
49 15  1
49 19  0
49 20  0
49 22  0
49 24  0
49 23  0
49 21  0
49 25  0
49 26  0
49 27  0
49 29  0
49 28  0
49 30  0
49 31  0
49 35  0
49 33  0
49 32  0
49 34  0
49 36  0
49 38  0
49 37  0
49 39  0
49 40  0
49 41  0
49 42  0
49 43  0
49 44  0
49 46  0
49 45  0
49 47  0
49 48  0
49 50  0
49 49  0
49 51  0
49 52  0
49 53  0
49 55  0
49 54  0
49 58  0
49 57  0
49 59  0
49 56  0
49 60  0
49 61  0
49 62  0
49 63  0
49 64  0
49 65  0
49 66  0
49 67  0
49 69  0
49 68  0
49 71  0
49 70  0
49 72  0
49 73  0
49 74  0
49 75  0
49 76  0
49 77  0
49 78  0
49 79  0
49 80  0
49 81  0
49 82  0
49 83  0
49 86  1
49 85  1
49 87  1
49 84  3
49 88  1
49 91  2
49 89  1
49 90  2
49 93  2
49 92  2
49 95  2
49 94  2
49 96  2
49 97  2
49 98  2
49 99  2
50 1  4
50 0  4
50 3  4
50 2  4
50 4  4
50 5  4
50 6  4
50 7  4
50 16  0
50 17  0
50 8  4
50 9  3
50 10  3
50 18  0
50 19  0
50 11  3
50 13  3
50 12  3
50 14  3
50 15  1
50 20  0
50 21  0
50 23  0
50 22  0
50 24  0
50 25  0
50 26  0
50 27  0
50 29  0
50 28  0
50 30  0
50 32  0
50 31  0
50 33  0
50 35  0
50 34  0
50 36  0
50 37  0
50 38  0
50 39  0
50 40  0
50 41  0
50 42  0
50 44  0
50 43  0
50 45  0
50 47  0
50 46  0
50 48  0
50 49  0
50 50  0
50 51  0
50 52  0
50 53  0
50 54  0
50 55  0
50 56  0
50 57  0
50 58  0
50 60  0
50 59  0
50 61  0
50 62  0
50 63  0
50 64  0
50 65  0
50 67  0
50 68  0
50 70  0
50 66  0
50 69  0
50 71  0
50 73  0
50 72  0
50 74  0
50 76  0
50 75  0
50 77  0
50 80  0
50 79  0
50 81  0
50 78  0
50 83  0
50 82  0
50 86  1
50 84  3
50 87  1
50 85  1
50 88  1
50 89  1
50 92  2
50 93  2
50 94  2
50 91  2
50 90  1
50 95  2
50 96  2
50 98  2
50 97  2
50 99  2
51 0  4
51 1  4
51 2  4
51 4  4
51 5  4
51 6  4
51 3  4
51 7  3
51 16  0
51 17  0
51 18  0
51 9  3
51 11  3
51 8  3
51 19  0
51 10  3
51 13  3
51 12  3
51 14  3
51 15  1
51 20  0
51 21  0
51 22  0
51 23  0
51 24  0
51 25  0
51 26  0
51 27  0
51 28  0
51 29  0
51 30  0
51 31  0
51 32  0
51 33  0
51 34  0
51 35  0
51 38  0
51 36  0
51 37  0
51 39  0
51 40  0
51 42  0
51 41  0
51 43  0
51 44  0
51 45  0
51 47  0
51 46  0
51 48  0
51 49  0
51 51  0
51 50  0
51 52  0
51 53  0
51 56  0
51 55  0
51 54  0
51 57  0
51 58  0
51 59  0
51 60  0
51 61  0
51 63  0
51 62  0
51 64  0
51 65  0
51 66  0
51 67  0
51 68  0
51 69  0
51 70  0
51 71  0
51 73  0
51 72  0
51 75  0
51 74  0
51 76  0
51 78  0
51 79  0
51 77  0
51 80  0
51 81  0
51 82  0
51 83  0
51 84  3
51 85  1
51 87  1
51 86  1
51 88  1
51 91  1
51 89  1
51 92  1
51 90  1
51 93  2
51 94  2
51 95  2
51 96  2
51 98  2
51 97  2
51 99  2
52 0  4
52 1  4
52 3  3
52 4  3
52 5  3
52 2  3
52 7  3
52 6  3
52 16  0
52 17  0
52 18  0
52 19  0
52 10  3
52 9  3
52 8  3
52 11  3
52 12  3
52 13  3
52 14  3
52 15  1
52 21  0
52 20  0
52 22  0
52 23  0
52 25  0
52 24  0
52 27  0
52 26  0
52 29  0
52 28  0
52 31  0
52 30  0
52 32  0
52 33  0
52 34  0
52 35  0
52 37  0
52 36  0
52 39  0
52 38  0
52 40  0
52 41  0
52 42  0
52 43  0
52 44  0
52 45  0
52 47  0
52 46  0
52 48  0
52 49  0
52 50  0
52 51  0
52 53  0
52 52  0
52 54  0
52 55  0
52 56  0
52 57  0
52 58  0
52 60  0
52 59  0
52 61  0
52 62  0
52 63  0
52 64  0
52 65  0
52 66  0
52 67  0
52 68  0
52 69  0
52 70  0
52 71  0
52 72  0
52 73  0
52 74  0
52 77  0
52 76  0
52 78  0
52 75  0
52 79  0
52 80  0
52 81  0
52 82  0
52 83  0
52 88  1
52 86  1
52 84  3
52 89  1
52 85  1
52 87  1
52 90  1
52 91  1
52 95  1
52 92  1
52 93  1
52 94  1
52 97  1
52 96  1
52 99  2
52 98  2
53 0  3
53 2  3
53 3  3
53 4  3
53 1  3
53 5  3
53 6  3
53 7  3
53 9  3
53 8  3
53 10  3
53 16  0
53 11  3
53 12  3
53 13  3
53 15  1
53 14  3
53 17  0
53 18  0
53 20  0
53 21  0
53 19  0
53 22  0
53 24  0
53 23  0
53 25  0
53 26  0
53 27  0
53 28  0
53 29  0
53 31  0
53 32  0
53 30  0
53 34  0
53 33  0
53 35  0
53 36  0
53 37  0
53 39  0
53 38  0
53 40  0
53 41  0
53 43  0
53 44  0
53 45  0
53 42  0
53 46  0
53 47  0
53 48  0
53 51  0
53 49  0
53 50  0
53 52  0
53 55  0
53 56  0
53 53  0
53 57  0
53 54  0
53 58  0
53 59  0
53 60  0
53 63  0
53 61  0
53 62  0
53 64  0
53 65  0
53 66  0
53 67  0
53 68  0
53 70  0
53 72  0
53 71  0
53 69  0
53 74  0
53 73  0
53 75  0
53 76  0
53 77  0
53 78  0
53 79  0
53 80  0
53 81  0
53 83  0
53 82  0
53 84  3
53 87  1
53 86  1
53 85  1
53 88  1
53 89  1
53 90  1
53 91  1
53 92  1
53 95  1
53 93  1
53 94  1
53 96  1
53 97  1
53 98  1
53 99  1
54 2  3
54 1  3
54 3  3
54 0  3
54 4  3
54 5  3
54 6  3
54 7  3
54 16  0
54 8  3
54 18  0
54 17  0
54 19  0
54 10  3
54 9  3
54 11  3
54 12  3
54 13  3
54 14  3
54 15  1
54 20  0
54 21  0
54 22  0
54 23  0
54 25  0
54 24  0
54 26  0
54 27  0
54 28  0
54 29  0
54 30  0
54 31  0
54 32  0
54 33  0
54 34  0
54 35  0
54 36  0
54 37  0
54 38  0
54 41  0
54 40  0
54 39  0
54 42  0
54 44  0
54 43  0
54 45  0
54 47  0
54 46  0
54 48  0
54 49  0
54 50  0
54 52  0
54 51  0
54 53  0
54 54  0
54 55  0
54 56  0
54 58  0
54 59  0
54 57  0
54 60  0
54 61  0
54 62  0
54 66  0
54 65  0
54 63  0
54 67  0
54 64  0
54 68  0
54 70  0
54 69  0
54 71  0
54 72  0
54 73  0
54 74  0
54 75  0
54 76  0
54 79  0
54 77  0
54 80  0
54 78  0
54 81  0
54 82  0
54 83  0
54 84  3
54 87  1
54 88  1
54 89  1
54 86  1
54 85  1
54 90  1
54 91  1
54 92  1
54 93  1
54 95  1
54 94  1
54 96  1
54 99  1
55 2  3
54 97  1
54 98  1
55 1  3
55 0  3
55 3  3
55 4  3
55 5  3
55 6  3
55 7  3
55 16  0
55 17  0
55 18  0
55 19  0
55 8  3
55 10  3
55 9  3
55 11  3
55 12  3
55 13  3
55 15  2
55 14  3
55 20  0
55 21  0
55 22  0
55 23  0
55 24  0
55 26  0
55 25  0
55 27  0
55 28  0
55 29  0
55 30  0
55 31  0
55 32  0
55 33  0
55 34  0
55 35  0
55 36  0
55 37  0
55 38  0
55 39  0
55 40  0
55 41  0
55 43  0
55 42  0
55 44  0
55 45  0
55 47  0
55 48  0
55 46  0
55 49  0
55 50  0
55 51  0
55 52  0
55 53  0
55 56  0
55 54  0
55 55  0
55 57  0
55 59  0
55 58  0
55 60  0
55 61  0
55 63  0
55 62  0
55 64  0
55 66  0
55 65  0
55 69  0
55 67  0
55 68  0
55 71  0
55 70  0
55 72  0
55 73  0
55 75  0
55 74  0
55 77  0
55 76  0
55 79  0
55 81  0
55 78  0
55 80  0
55 82  0
55 83  0
55 84  4
55 85  1
55 87  1
55 86  1
55 88  1
55 90  1
55 89  1
55 91  1
55 92  1
55 93  1
55 95  1
55 94  1
55 96  1
55 98  1
55 99  1
55 97  1
56 2  3
56 1  3
56 3  3
56 4  3
56 0  3
56 6  3
56 5  3
56 7  3
56 16  0
56 8  3
56 19  0
56 17  0
56 18  0
56 9  3
56 10  3
56 11  3
56 12  3
56 14  3
56 15  2
56 13  3
56 22  0
56 23  0
56 24  0
56 21  0
56 20  0
56 25  0
56 26  0
56 27  0
56 28  0
56 29  0
56 30  0
56 31  0
56 32  0
56 33  0
56 34  0
56 36  0
56 35  0
56 38  0
56 37  0
56 39  0
56 40  0
56 41  0
56 42  0
56 43  0
56 45  0
56 44  0
56 46  0
56 47  0
56 48  0
56 50  0
56 49  0
56 51  0
56 52  0
56 53  0
56 54  0
56 57  0
56 56  0
56 55  0
56 58  0
56 59  0
56 61  0
56 60  0
56 62  0
56 63  0
56 64  0
56 65  0
56 67  0
56 66  0
56 68  0
56 69  0
56 71  0
56 70  0
56 72  0
56 74  0
56 73  0
56 75  0
56 76  0
56 78  0
56 77  0
56 80  0
56 81  0
56 79  0
56 82  0
56 83  0
56 84  4
56 85  1
56 86  1
56 87  1
56 89  1
56 88  1
56 91  1
56 92  1
56 90  1
56 94  1
56 93  1
56 95  1
56 96  1
56 97  1
56 98  1
56 99  1
57 0  3
57 2  3
57 3  3
57 1  3
57 4  3
57 5  3
57 6  3
57 7  3
57 17  0
57 16  0
57 8  3
57 18  0
57 9  3
57 10  3
57 19  0
57 11  3
57 12  3
57 13  3
57 14  3
57 15  2
57 20  0
57 21  0
57 22  0
57 23  0
57 24  0
57 25  0
57 27  0
57 26  0
57 28  0
57 31  0
57 30  0
57 32  0
57 29  0
57 33  0
57 34  0
57 35  0
57 36  0
57 37  0
57 38  0
57 39  0
57 40  0
57 41  0
57 43  0
57 42  0
57 44  0
57 45  0
57 46  0
57 49  0
57 47  0
57 48  0
57 50  0
57 51  0
57 52  0
57 53  0
57 54  0
57 55  0
57 57  0
57 58  0
57 59  0
57 61  0
57 56  0
57 60  0
57 63  0
57 62  0
57 64  0
57 65  0
57 67  0
57 66  0
57 69  0
57 68  0
57 72  0
57 70  0
57 73  0
57 71  0
57 74  0
57 75  0
57 76  0
57 77  0
57 81  0
57 78  0
57 80  0
57 79  0
57 82  0
57 83  0
57 85  1
57 84  4
57 87  1
57 86  1
57 88  1
57 89  1
57 90  1
57 94  1
57 91  1
57 92  1
57 93  1
57 95  1
57 96  1
57 97  1
57 98  1
58 0  3
57 99  1
58 1  3
58 2  3
58 4  3
58 3  3
58 6  3
58 5  3
58 7  3
58 8  3
58 16  0
58 17  0
58 9  3
58 18  0
58 10  3
58 19  0
58 11  3
58 12  3
58 13  3
58 15  2
58 21  0
58 20  0
58 24  0
58 22  0
58 25  0
58 26  0
58 14  3
58 23  0
58 27  0
58 28  0
58 29  0
58 30  0
58 32  0
58 31  0
58 34  0
58 33  0
58 35  0
58 36  0
58 39  0
58 37  0
58 38  0
58 40  0
58 42  0
58 41  0
58 43  0
58 44  0
58 45  0
58 47  0
58 46  0
58 48  0
58 49  0
58 51  0
58 50  0
58 52  0
58 53  0
58 54  0
58 55  0
58 56  0
58 57  0
58 58  0
58 59  0
58 60  0
58 61  0
58 63  0
58 62  0
58 65  0
58 64  0
58 67  0
58 68  0
58 66  0
58 69  0
58 70  0
58 71  0
58 72  0
58 73  0
58 75  0
58 74  0
58 77  0
58 76  0
58 81  0
58 78  0
58 83  0
58 79  0
58 80  0
58 82  0
58 84  4
58 85  1
58 86  1
58 87  1
58 88  1
58 89  1
58 93  1
58 90  1
58 95  1
58 94  1
58 91  1
58 92  1
58 96  1
58 98  1
58 99  1
58 97  1
59 1  3
59 0  3
59 2  3
59 5  3
59 3  3
59 7  3
59 4  3
59 6  3
59 16  0
59 18  0
59 19  0
59 17  0
59 8  3
59 10  3
59 9  3
59 11  3
59 12  3
59 15  1
59 13  3
59 21  0
59 20  0
59 14  3
59 22  0
59 23  0
59 24  0
59 25  0
59 26  0
59 27  0
59 28  0
59 31  0
59 29  0
59 30  0
59 33  0
59 34  0
59 32  0
59 35  0
59 36  0
59 38  0
59 37  0
59 39  0
59 40  0
59 41  0
59 42  0
59 45  0
59 43  0
59 44  0
59 46  0
59 47  0
59 48  0
59 49  0
59 50  0
59 51  0
59 52  0
59 53  0
59 54  0
59 56  0
59 59  0
59 58  0
59 62  0
59 61  0
59 63  0
59 57  0
59 55  0
59 64  0
59 60  0
59 65  0
59 66  0
59 67  0
59 68  0
59 69  0
59 70  0
59 71  0
59 73  0
59 72  0
59 74  0
59 75  0
59 76  0
59 77  0
59 78  0
59 80  0
59 79  0
59 81  0
59 82  0
59 83  0
59 86  1
59 85  1
59 84  3
59 87  1
59 88  1
59 89  1
59 91  1
59 92  1
59 90  1
59 93  1
59 94  1
59 95  1
59 96  1
59 97  1
59 98  1
59 99  1
60 0  3
60 1  3
60 2  3
60 4  3
60 5  3
60 3  3
60 6  3
60 7  3
60 10  3
60 9  3
60 8  3
60 11  3
60 17  0
60 16  0
60 18  0
60 12  3
60 13  3
60 19  0
60 20  0
60 21  0
60 15  1
60 22  0
60 23  0
60 24  0
60 14  3
60 26  0
60 27  0
60 25  0
60 28  0
60 29  0
60 32  0
60 31  0
60 30  0
60 33  0
60 34  0
60 35  0
60 36  0
60 37  0
60 40  0
60 41  0
60 38  0
60 39  0
60 43  0
60 42  0
60 45  0
60 46  0
60 47  0
60 48  0
60 49  0
60 44  0
60 50  0
60 51  0
60 52  0
60 53  0
60 55  0
60 54  0
60 56  0
60 57  0
60 58  0
60 59  0
60 60  0
60 62  0
60 61  0
60 63  0
60 64  0
60 65  0
60 66  0
60 67  0
60 68  0
60 70  0
60 73  0
60 72  0
60 69  0
60 71  0
60 76  0
60 75  0
60 74  0
60 77  0
60 78  0
60 79  0
60 80  0
60 81  0
60 82  0
60 83  0
60 85  1
60 84  3
60 86  1
60 88  1
60 87  1
60 89  1
60 90  1
60 91  1
60 92  1
60 94  1
60 93  1
60 95  1
60 96  1
60 98  1
60 97  1
60 99  1
61 0  3
61 1  3
61 3  3
61 2  3
61 4  3
61 5  3
61 6  3
61 7  3
61 16  0
61 17  0
61 8  3
61 9  3
61 10  3
61 18  0
61 11  3
61 19  0
61 12  3
61 13  3
61 14  3
61 20  0
61 15  1
61 21  0
61 22  0
61 23  0
61 24  0
61 26  0
61 25  0
61 27  0
61 28  0
61 29  0
61 30  0
61 31  0
61 33  0
61 32  0
61 34  0
61 35  0
61 36  0
61 37  0
61 39  0
61 38  0
61 40  0
61 41  0
61 42  0
61 43  0
61 44  0
61 46  0
61 48  0
61 47  0
61 45  0
61 49  0
61 51  0
61 50  0
61 52  0
61 53  0
61 54  0
61 55  0
61 57  0
61 56  0
61 59  0
61 60  0
61 58  0
61 61  0
61 62  0
61 63  0
61 64  0
61 65  0
61 66  0
61 68  0
61 67  0
61 69  0
61 70  0
61 71  0
61 72  0
61 73  0
61 74  0
61 75  0
61 76  0
61 77  0
61 80  0
61 78  0
61 79  0
61 81  0
61 83  0
61 82  0
61 84  3
61 86  1
61 85  1
61 88  1
61 87  1
61 89  1
61 90  1
61 91  1
61 93  1
61 92  1
61 94  1
61 95  1
61 96  1
61 97  1
61 98  1
61 99  1
62 0  3
62 1  3
62 3  3
62 2  3
62 5  3
62 4  3
62 6  3
62 7  3
62 17  0
62 16  0
62 18  0
62 8  3
62 9  3
62 10  3
62 11  3
62 19  0
62 12  3
62 13  3
62 15  1
62 14  3
62 20  0
62 21  0
62 22  0
62 23  0
62 24  0
62 25  0
62 27  0
62 26  0
62 28  0
62 29  0
62 30  0
62 31  0
62 32  0
62 33  0
62 34  0
62 35  0
62 36  0
62 37  0
62 38  0
62 39  0
62 41  0
62 40  0
62 42  0
62 43  0
62 44  0
62 45  0
62 47  0
62 46  0
62 49  0
62 48  0
62 50  0
62 51  0
62 52  0
62 53  0
62 54  0
62 55  0
62 56  0
62 57  0
62 58  0
62 59  0
62 60  0
62 61  0
62 62  0
62 64  0
62 63  0
62 66  0
62 67  0
62 65  0
62 68  0
62 69  0
62 70  0
62 71  0
62 72  0
62 73  0
62 74  0
62 75  0
62 77  0
62 76  0
62 78  0
62 79  0
62 80  0
62 81  0
62 82  0
62 83  0
62 84  3
62 87  1
62 86  1
62 88  1
62 85  1
62 90  1
62 92  1
62 89  1
62 93  1
62 91  1
62 94  1
62 95  1
62 96  1
62 98  1
62 97  1
62 99  1
63 0  3
63 2  3
63 1  3
63 3  3
63 4  3
63 5  3
63 6  3
63 7  3
63 16  0
63 17  0
63 18  0
63 19  0
63 8  3
63 11  3
63 9  3
63 10  3
63 12  3
63 13  3
63 15  1
63 20  0
63 21  0
63 14  3
63 22  0
63 23  0
63 25  0
63 24  0
63 27  0
63 29  0
63 26  0
63 28  0
63 30  0
63 32  0
63 33  0
63 31  0
63 34  0
63 35  0
63 36  0
63 37  0
63 38  0
63 41  0
63 40  0
63 42  0
63 39  0
63 43  0
63 45  0
63 44  0
63 46  0
63 47  0
63 48  0
63 49  0
63 50  0
63 51  0
63 53  0
63 54  0
63 52  0
63 55  0
63 56  0
63 57  0
63 58  0
63 59  0
63 61  0
63 60  0
63 62  0
63 63  0
63 66  0
63 64  0
63 65  0
63 67  0
63 68  0
63 69  0
63 70  0
63 71  0
63 72  0
63 74  0
63 73  0
63 75  0
63 76  0
63 78  0
63 77  0
63 80  0
63 79  0
63 81  0
63 82  0
63 83  0
63 86  1
63 84  3
63 85  1
63 88  1
63 89  1
63 87  1
63 91  1
63 90  1
63 93  1
63 92  1
63 94  1
63 95  1
63 96  1
63 97  1
63 98  1
63 99  1
64 0  3
64 1  3
64 4  3
64 2  3
64 6  3
64 3  3
64 5  3
64 7  3
64 17  0
64 18  0
64 8  3
64 9  3
64 10  3
64 11  3
64 19  0
64 12  3
64 15  3
64 16  2
64 14  3
64 13  3
64 20  0
64 22  0
64 21  0
64 23  0
64 24  0
64 25  0
64 27  0
64 26  0
64 29  0
64 28  0
64 30  0
64 31  0
64 32  0
64 33  0
64 34  0
64 35  0
64 37  0
64 36  0
64 38  0
64 39  0
64 41  0
64 42  0
64 40  0
64 43  0
64 44  0
64 45  0
64 47  0
64 46  0
64 48  0
64 50  0
64 51  0
64 49  0
64 52  0
64 53  0
64 54  0
64 55  0
64 56  0
64 57  0
64 58  0
64 59  0
64 60  0
64 61  0
64 62  0
64 64  0
64 65  0
64 63  0
64 67  0
64 68  0
64 69  0
64 66  0
64 70  0
64 71  0
64 72  0
64 73  0
64 74  0
64 75  0
64 76  0
64 77  0
64 78  0
64 79  0
64 81  0
64 80  0
64 82  0
64 83  4
64 84  1
64 86  1
64 87  1
64 88  1
64 85  1
64 89  1
64 90  1
64 91  1
64 94  1
64 92  1
64 93  1
64 95  1
64 96  1
64 97  1
64 98  1
64 99  1
65 0  3
65 1  3
65 4  3
65 2  3
65 5  3
65 3  3
65 6  3
65 17  0
65 18  0
65 7  3
65 8  3
65 10  3
65 11  3
65 9  3
65 12  3
65 13  3
65 16  2
65 14  3
65 20  0
65 15  3
65 19  0
65 23  0
65 22  0
65 21  0
65 24  0
65 25  0
65 26  0
65 27  0
65 28  0
65 29  0
65 30  0
65 31  0
65 32  0
65 33  0
65 34  0
65 36  0
65 35  0
65 38  0
65 37  0
65 39  0
65 40  0
65 41  0
65 42  0
65 44  0
65 43  0
65 45  0
65 46  0
65 47  0
65 48  0
65 49  0
65 50  0
65 51  0
65 52  0
65 53  0
65 54  0
65 56  0
65 55  0
65 57  0
65 58  0
65 59  0
65 61  0
65 60  0
65 62  0
65 64  0
65 63  0
65 65  0
65 66  0
65 67  0
65 68  0
65 69  0
65 70  0
65 71  0
65 72  0
65 73  0
65 74  0
65 75  0
65 76  0
65 77  0
65 78  0
65 81  0
65 79  0
65 82  0
65 80  0
65 83  4
65 84  1
65 86  1
65 87  1
65 88  1
65 85  1
65 89  1
65 90  1
65 92  1
65 93  1
65 94  1
65 91  1
65 96  1
65 95  1
65 97  1
65 99  1
66 1  3
66 0  3
65 98  1
66 6  3
66 3  3
66 2  3
66 5  3
66 4  3
66 7  3
66 8  3
66 18  0
66 17  0
66 9  3
66 10  3
66 13  3
66 12  3
66 11  3
66 19  0
66 15  3
66 14  3
66 22  0
66 16  1
66 20  0
66 21  0
66 23  0
66 24  0
66 25  0
66 26  0
66 27  0
66 28  0
66 30  0
66 33  0
66 29  0
66 31  0
66 32  0
66 34  0
66 35  0
66 36  0
66 37  0
66 38  0
66 39  0
66 40  0
66 41  0
66 43  0
66 44  0
66 45  0
66 42  0
66 46  0
66 48  0
66 47  0
66 49  0
66 50  0
66 51  0
66 52  0
66 53  0
66 56  0
66 57  0
66 55  0
66 54  0
66 58  0
66 59  0
66 60  0
66 61  0
66 62  0
66 63  0
66 64  0
66 65  0
66 66  0
66 67  0
66 68  0
66 70  0
66 69  0
66 71  0
66 73  0
66 72  0
66 74  0
66 75  0
66 76  0
66 77  0
66 79  0
66 78  0
66 80  0
66 82  0
66 81  0
66 83  3
66 84  1
66 85  1
66 87  1
66 86  1
66 88  1
66 89  1
66 90  1
66 91  1
66 94  1
66 92  1
66 93  1
66 95  1
66 96  1
66 98  1
66 97  1
67 0  3
66 99  1
67 1  3
67 2  3
67 3  3
67 4  3
67 6  3
67 5  3
67 8  3
67 7  3
67 18  0
67 9  3
67 10  3
67 11  3
67 13  3
67 12  3
67 15  3
67 14  3
67 19  0
67 20  0
67 21  0
67 16  1
67 17  4
67 22  0
67 23  0
67 24  0
67 25  0
67 26  0
67 27  0
67 28  0
67 29  0
67 30  0
67 31  0
67 33  0
67 34  0
67 35  0
67 32  0
67 36  0
67 38  0
67 37  0
67 39  0
67 40  0
67 41  0
67 42  0
67 43  0
67 44  0
67 45  0
67 46  0
67 47  0
67 48  0
67 49  0
67 50  0
67 51  0
67 52  0
67 53  0
67 54  0
67 55  0
67 56  0
67 58  0
67 57  0
67 59  0
67 60  0
67 61  0
67 62  0
67 63  0
67 64  0
67 65  0
67 66  0
67 68  0
67 67  0
67 69  0
67 72  0
67 73  0
67 74  0
67 70  0
67 76  0
67 71  0
67 77  0
67 75  0
67 79  0
67 80  0
67 78  0
67 81  0
67 82  2
67 83  3
67 84  1
67 85  1
67 88  1
67 86  1
67 87  1
67 89  1
67 92  1
67 90  1
67 91  1
67 93  1
67 94  1
67 96  1
67 97  1
67 95  1
67 98  1
67 99  1
68 0  3
68 1  3
68 2  3
68 3  3
68 4  3
68 5  3
68 6  3
68 7  3
68 8  3
68 10  3
68 11  3
68 9  3
68 12  3
68 13  3
68 14  3
68 15  3
68 18  0
68 16  3
68 17  2
68 19  0
68 20  0
68 21  0
68 22  0
68 23  0
68 24  0
68 25  0
68 26  0
68 28  0
68 27  0
68 31  0
68 29  0
68 32  0
68 30  0
68 33  0
68 34  0
68 36  0
68 35  0
68 37  0
68 38  0
68 39  0
68 40  0
68 41  0
68 43  0
68 42  0
68 45  0
68 46  0
68 44  0
68 47  0
68 48  0
68 49  0
68 50  0
68 51  0
68 53  0
68 54  0
68 52  0
68 56  0
68 55  0
68 57  0
68 58  0
68 59  0
68 60  0
68 61  0
68 62  0
68 63  0
68 65  0
68 64  0
68 67  0
68 66  0
68 68  0
68 69  0
68 70  0
68 71  0
68 72  0
68 73  0
68 74  0
68 76  0
68 78  0
68 75  0
68 77  0
68 79  0
68 80  0
68 81  0
68 82  4
68 85  1
68 83  1
68 84  1
68 88  1
68 89  1
68 86  1
68 87  1
68 90  1
68 91  1
68 92  1
68 93  1
68 94  1
68 95  1
68 96  1
68 97  1
68 99  1
69 2  3
69 1  3
69 0  3
69 4  3
69 3  3
68 98  1
69 5  3
69 6  3
69 8  3
69 9  3
69 7  3
69 10  3
69 11  3
69 12  3
69 14  3
69 15  3
69 13  3
69 16  3
69 18  0
69 19  0
69 17  1
69 20  0
69 21  0
69 22  0
69 23  0
69 24  0
69 27  0
69 28  0
69 25  0
69 26  0
69 29  0
69 30  0
69 31  0
69 33  0
69 32  0
69 34  0
69 35  0
69 36  0
69 37  0
69 38  0
69 39  0
69 40  0
69 41  0
69 42  0
69 43  0
69 44  0
69 45  0
69 46  0
69 47  0
69 48  0
69 49  0
69 50  0
69 51  0
69 52  0
69 54  0
69 53  0
69 55  0
69 56  0
69 57  0
69 58  0
69 59  0
69 60  0
69 61  0
69 62  0
69 63  0
69 64  0
69 65  0
69 66  0
69 67  0
69 68  0
69 69  0
69 70  0
69 71  0
69 72  0
69 73  0
69 74  0
69 75  0
69 76  0
69 77  0
69 79  0
69 78  0
69 80  0
69 81  0
69 82  3
69 83  1
69 86  1
69 85  1
69 84  1
69 89  1
69 87  1
69 90  1
69 88  1
69 92  1
69 91  1
69 93  1
69 94  1
69 96  1
69 97  1
69 95  1
69 98  1
69 99  1
70 2  3
70 1  3
70 0  3
70 4  3
70 3  3
70 5  3
70 6  3
70 9  3
70 10  3
70 7  3
70 8  3
70 14  3
70 12  3
70 13  3
70 15  3
70 11  3
70 16  3
70 20  0
70 19  0
70 17  3
70 22  0
70 21  0
70 23  0
70 24  0
70 26  0
70 25  0
70 18  2
70 28  0
70 27  0
70 30  0
70 29  0
70 32  0
70 31  0
70 33  0
70 34  0
70 35  0
70 36  0
70 37  0
70 39  0
70 38  0
70 42  0
70 40  0
70 44  0
70 45  0
70 41  0
70 43  0
70 46  0
70 47  0
70 48  0
70 49  0
70 50  0
70 51  0
70 52  0
70 53  0
70 54  0
70 55  0
70 56  0
70 57  0
70 58  0
70 59  0
70 60  0
70 62  0
70 61  0
70 63  0
70 64  0
70 65  0
70 66  0
70 68  0
70 67  0
70 69  0
70 70  0
70 71  0
70 73  0
70 74  0
70 72  0
70 75  0
70 76  0
70 77  0
70 79  0
70 80  0
70 78  0
70 81  4
70 82  1
70 85  1
70 87  1
70 84  1
70 83  1
70 88  1
70 86  1
70 90  1
70 89  1
70 91  1
70 92  1
70 93  1
70 95  1
70 96  1
70 97  1
70 94  1
70 98  1
70 99  1
71 3  3
71 1  3
71 0  3
71 2  3
71 4  3
71 5  3
71 6  3
71 7  3
71 8  3
71 9  3
71 11  3
71 10  3
71 12  3
71 13  3
71 15  3
71 14  3
71 16  3
71 20  0
71 19  0
71 21  0
71 22  0
71 23  0
71 24  0
71 25  0
71 26  0
71 27  0
71 17  3
71 28  0
71 18  1
71 30  0
71 29  0
71 31  0
71 33  0
71 34  0
71 32  0
71 35  0
71 36  0
71 37  0
71 38  0
71 39  0
71 40  0
71 41  0
71 42  0
71 43  0
71 46  0
71 45  0
71 47  0
71 48  0
71 44  0
71 49  0
71 50  0
71 51  0
71 52  0
71 53  0
71 54  0
71 56  0
71 57  0
71 55  0
71 58  0
71 60  0
71 59  0
71 61  0
71 62  0
71 64  0
71 63  0
71 66  0
71 65  0
71 67  0
71 68  0
71 69  0
71 70  0
71 71  0
71 72  0
71 73  0
71 74  0
71 77  0
71 76  0
71 75  0
71 78  0
71 80  0
71 79  0
71 84  1
71 82  1
71 81  3
71 85  1
71 83  1
71 86  1
71 88  1
71 87  1
71 89  1
71 90  1
71 91  1
71 92  1
71 94  1
71 93  1
71 95  1
71 97  1
71 96  1
71 98  1
72 0  3
72 1  3
71 99  1
72 3  3
72 2  3
72 4  3
72 5  3
72 6  3
72 7  3
72 10  3
72 8  3
72 9  3
72 11  3
72 12  3
72 13  3
72 14  3
72 15  3
72 16  3
72 20  0
72 21  0
72 22  0
72 23  0
72 24  0
72 26  0
72 25  0
72 27  0
72 17  3
72 18  1
72 28  0
72 19  2
72 29  0
72 30  0
72 31  0
72 32  0
72 33  0
72 34  0
72 36  0
72 37  0
72 35  0
72 38  0
72 39  0
72 41  0
72 40  0
72 42  0
72 43  0
72 45  0
72 44  0
72 46  0
72 47  0
72 48  0
72 50  0
72 49  0
72 51  0
72 52  0
72 53  0
72 54  0
72 55  0
72 56  0
72 57  0
72 58  0
72 59  0
72 60  0
72 61  0
72 62  0
72 63  0
72 64  0
72 65  0
72 66  0
72 68  0
72 67  0
72 69  0
72 71  0
72 70  0
72 72  0
72 73  0
72 74  0
72 75  0
72 76  0
72 77  0
72 79  0
72 78  0
72 80  4
72 81  3
72 84  1
72 83  1
72 82  1
72 87  1
72 85  1
72 86  1
72 88  1
72 89  1
72 90  1
72 91  1
72 92  1
72 96  1
72 93  1
72 94  1
72 95  1
72 97  1
72 98  1
72 99  1
73 0  3
73 2  3
73 1  3
73 3  3
73 4  3
73 5  3
73 6  3
73 8  3
73 7  3
73 9  3
73 11  3
73 10  3
73 12  3
73 13  3
73 14  3
73 15  3
73 21  0
73 20  0
73 22  0
73 23  0
73 24  0
73 25  0
73 26  0
73 17  3
73 16  3
73 27  0
73 18  3
73 19  1
73 28  0
73 29  0
73 31  0
73 30  0
73 32  0
73 33  0
73 34  0
73 35  0
73 36  0
73 39  0
73 38  0
73 37  0
73 40  0
73 41  0
73 42  0
73 43  0
73 44  0
73 45  0
73 47  0
73 46  0
73 49  0
73 50  0
73 48  0
73 51  0
73 52  0
73 53  0
73 54  0
73 56  0
73 55  0
73 57  0
73 58  0
73 60  0
73 61  0
73 59  0
73 63  0
73 64  0
73 62  0
73 65  0
73 66  0
73 67  0
73 69  0
73 68  0
73 70  0
73 72  0
73 71  0
73 73  0
73 75  0
73 74  0
73 76  0
73 77  0
73 78  0
73 79  0
73 80  3
73 81  1
73 84  1
73 82  1
73 83  1
73 86  1
73 85  1
73 89  1
73 88  1
73 87  1
73 90  1
73 91  1
73 92  1
73 94  1
73 93  1
73 95  1
73 96  1
73 97  1
73 99  1
74 1  3
73 98  1
74 0  3
74 2  3
74 3  3
74 4  3
74 5  3
74 6  3
74 7  3
74 8  3
74 9  3
74 13  3
74 10  3
74 11  3
74 12  3
74 14  3
74 15  3
74 21  0
74 23  0
74 22  0
74 25  0
74 24  0
74 26  0
74 17  3
74 16  3
74 20  2
74 27  0
74 19  3
74 18  3
74 28  0
74 29  0
74 30  0
74 31  0
74 32  0
74 33  0
74 35  0
74 34  0
74 37  0
74 38  0
74 39  0
74 36  0
74 40  0
74 41  0
74 43  0
74 42  0
74 44  0
74 45  0
74 47  0
74 46  0
74 49  0
74 48  0
74 50  0
74 51  0
74 52  0
74 53  0
74 54  0
74 56  0
74 55  0
74 58  0
74 57  0
74 59  0
74 62  0
74 60  0
74 63  0
74 61  0
74 64  0
74 65  0
74 66  0
74 68  0
74 67  0
74 69  0
74 70  0
74 73  0
74 75  0
74 71  0
74 74  0
74 72  0
74 76  0
74 77  0
74 78  0
74 79  4
74 80  1
74 81  1
74 82  1
74 83  1
74 86  1
74 84  1
74 85  1
74 87  1
74 88  1
74 89  1
74 90  1
74 91  1
74 93  1
74 92  1
74 94  1
74 95  1
74 96  1
74 98  1
74 97  1
74 99  1
75 0  3
75 1  3
75 2  3
75 4  3
75 3  3
75 6  3
75 7  3
75 5  3
75 8  3
75 9  3
75 10  3
75 12  3
75 11  3
75 13  3
75 14  3
75 22  0
75 23  0
75 25  0
75 24  0
75 15  3
75 18  3
75 17  3
75 16  3
75 19  3
75 26  0
75 20  1
75 27  0
75 21  4
75 28  0
75 30  0
75 29  0
75 31  0
75 32  0
75 33  0
75 34  0
75 38  0
75 35  0
75 36  0
75 37  0
75 39  0
75 40  0
75 42  0
75 41  0
75 43  0
75 44  0
75 45  0
75 47  0
75 46  0
75 49  0
75 50  0
75 48  0
75 51  0
75 53  0
75 52  0
75 54  0
75 55  0
75 56  0
75 57  0
75 58  0
75 60  0
75 61  0
75 62  0
75 59  0
75 63  0
75 64  0
75 65  0
75 66  0
75 67  0
75 68  0
75 69  0
75 71  0
75 74  0
75 72  0
75 70  0
75 73  0
75 75  0
75 76  0
75 77  0
75 78  2
75 79  3
75 84  1
75 80  1
75 83  1
75 82  1
75 85  1
75 86  1
75 81  1
75 87  1
75 88  1
75 89  1
75 90  1
75 91  1
75 92  1
75 94  1
75 95  1
75 97  1
75 93  1
75 96  1
75 99  1
75 98  1
76 0  3
76 1  3
76 2  3
76 3  3
76 4  3
76 5  3
76 6  3
76 8  3
76 9  3
76 10  3
76 7  3
76 11  3
76 12  3
76 13  3
76 23  0
76 22  0
76 24  0
76 25  0
76 15  3
76 14  3
76 16  3
76 19  3
76 20  3
76 21  1
76 26  0
76 18  3
76 27  0
76 17  3
76 28  0
76 29  0
76 30  0
76 32  0
76 31  0
76 33  0
76 34  0
76 35  0
76 36  0
76 37  0
76 39  0
76 38  0
76 40  0
76 41  0
76 42  0
76 43  0
76 45  0
76 44  0
76 46  0
76 47  0
76 48  0
76 49  0
76 51  0
76 50  0
76 52  0
76 53  0
76 54  0
76 55  0
76 56  0
76 58  0
76 59  0
76 57  0
76 60  0
76 61  0
76 64  0
76 63  0
76 62  0
76 65  0
76 66  0
76 67  0
76 68  0
76 69  0
76 70  0
76 71  0
76 72  0
76 73  0
76 74  0
76 76  0
76 75  0
76 77  0
76 78  3
76 79  1
76 82  1
76 80  1
76 83  1
76 81  1
76 84  1
76 87  1
76 85  1
76 86  1
76 88  1
76 89  1
76 90  1
76 92  1
76 95  1
76 93  1
76 91  1
76 94  1
76 96  1
76 98  1
77 0  3
76 99  1
76 97  1
77 1  3
77 2  3
77 6  3
77 5  3
77 7  3
77 4  3
77 3  3
77 9  3
77 10  3
77 8  3
77 11  3
77 12  3
77 13  3
77 24  0
77 23  0
77 25  0
77 14  3
77 15  3
77 16  3
77 19  3
77 18  3
77 17  3
77 20  3
77 22  2
77 21  3
77 27  0
77 26  0
77 28  0
77 29  0
77 30  0
77 31  0
77 32  0
77 33  0
77 34  0
77 35  0
77 36  0
77 37  0
77 38  0
77 39  0
77 40  0
77 41  0
77 43  0
77 42  0
77 44  0
77 45  0
77 46  0
77 48  0
77 47  0
77 50  0
77 49  0
77 51  0
77 52  0
77 53  0
77 54  0
77 55  0
77 56  0
77 57  0
77 58  0
77 59  0
77 61  0
77 60  0
77 62  0
77 64  0
77 63  0
77 65  0
77 66  0
77 67  0
77 68  0
77 69  0
77 71  0
77 70  0
77 72  0
77 73  0
77 75  0
77 74  0
77 76  0
77 77  4
77 78  1
77 79  1
77 80  1
77 81  1
77 82  1
77 84  1
77 83  1
77 86  1
77 85  1
77 87  1
77 88  1
77 89  1
77 90  1
77 91  1
77 92  1
77 93  1
77 94  1
77 95  1
77 96  1
77 97  1
77 98  1
77 99  1
78 0  3
78 1  3
78 4  3
78 2  3
78 3  3
78 5  3
78 7  3
78 6  3
78 8  3
78 9  3
78 10  3
78 11  3
78 12  3
78 13  3
78 24  0
78 16  3
78 15  3
78 14  3
78 17  3
78 18  3
78 21  3
78 20  3
78 19  3
78 22  1
78 23  2
78 25  0
78 26  0
78 27  0
78 28  0
78 29  0
78 30  0
78 31  0
78 33  0
78 34  0
78 32  0
78 35  0
78 36  0
78 37  0
78 38  0
78 39  0
78 40  0
78 41  0
78 42  0
78 43  0
78 44  0
78 46  0
78 45  0
78 49  0
78 48  0
78 47  0
78 50  0
78 51  0
78 52  0
78 53  0
78 54  0
78 56  0
78 55  0
78 57  0
78 58  0
78 59  0
78 60  0
78 61  0
78 62  0
78 63  0
78 64  0
78 65  0
78 66  0
78 68  0
78 69  0
78 67  0
78 70  0
78 71  0
78 72  0
78 73  0
78 74  0
78 75  0
78 76  4
78 77  3
78 78  1
78 80  1
78 83  1
78 82  1
78 79  1
78 84  1
78 81  1
78 85  1
78 87  1
78 86  1
78 88  1
78 89  1
78 90  1
78 92  1
78 91  1
78 94  1
78 93  1
78 98  1
78 96  1
78 95  1
78 97  1
78 99  1
79 1  3
79 0  3
79 2  3
79 3  3
79 5  3
79 6  3
79 4  3
79 7  3
79 8  3
79 9  3
79 11  3
79 10  3
79 12  3
79 13  3
79 14  3
79 15  3
79 16  3
79 18  3
79 17  3
79 19  3
79 25  0
79 20  3
79 22  3
79 21  3
79 26  0
79 23  1
79 27  0
79 29  0
79 30  0
79 28  0
79 24  2
79 31  0
79 32  0
79 34  0
79 33  0
79 35  0
79 36  0
79 37  0
79 38  0
79 40  0
79 41  0
79 39  0
79 42  0
79 43  0
79 44  0
79 45  0
79 46  0
79 48  0
79 47  0
79 49  0
79 50  0
79 52  0
79 51  0
79 53  0
79 54  0
79 55  0
79 59  0
79 56  0
79 57  0
79 60  0
79 58  0
79 61  0
79 62  0
79 63  0
79 64  0
79 65  0
79 66  0
79 67  0
79 69  0
79 68  0
79 71  0
79 70  0
79 73  0
79 72  0
79 74  0
79 76  3
79 77  1
79 75  4
79 78  1
79 81  1
79 82  1
79 80  1
79 83  1
79 84  1
79 79  1
79 85  1
79 86  1
79 87  1
79 89  1
79 88  1
79 90  1
79 91  1
79 93  1
79 92  1
79 96  1
79 94  1
79 95  1
79 97  1
79 98  1
79 99  1
80 0  3
80 2  3
80 1  3
80 3  3
80 4  3
80 6  3
80 5  3
80 10  3
80 9  3
80 8  3
80 7  3
80 11  3
80 12  3
80 13  3
80 15  3
80 14  3
80 16  3
80 17  3
80 19  3
80 18  3
80 20  3
80 21  3
80 22  3
80 26  0
80 28  0
80 27  0
80 29  0
80 30  0
80 31  0
80 23  3
80 32  0
80 24  1
80 25  2
80 33  0
80 34  0
80 35  0
80 36  0
80 37  0
80 38  0
80 39  0
80 41  0
80 42  0
80 43  0
80 40  0
80 44  0
80 46  0
80 45  0
80 47  0
80 48  0
80 49  0
80 50  0
80 51  0
80 55  0
80 52  0
80 53  0
80 54  0
80 56  0
80 58  0
80 57  0
80 60  0
80 59  0
80 61  0
80 62  0
80 63  0
80 66  0
80 64  0
80 65  0
80 67  0
80 68  0
80 69  0
80 70  0
80 71  0
80 73  0
80 72  0
80 74  4
80 75  3
80 76  1
80 77  1
80 78  1
80 80  1
80 81  1
80 82  1
80 79  1
80 83  1
80 84  1
80 85  1
80 87  1
80 86  1
80 88  1
80 89  1
80 90  1
80 92  1
80 93  1
80 94  1
80 95  1
80 91  1
80 96  1
80 97  1
80 98  1
80 99  1
81 0  3
81 1  3
81 2  3
81 3  3
81 4  3
81 6  3
81 5  3
81 7  3
81 8  3
81 9  3
81 10  3
81 11  3
81 12  3
81 14  3
81 13  3
81 17  3
81 18  3
81 16  3
81 19  3
81 15  3
81 20  3
81 21  3
81 27  0
81 28  0
81 30  0
81 22  3
81 31  0
81 29  0
81 23  3
81 32  0
81 24  3
81 34  0
81 33  0
81 25  1
81 35  0
81 36  0
81 26  2
81 37  0
81 38  0
81 39  0
81 40  0
81 41  0
81 42  0
81 43  0
81 44  0
81 45  0
81 46  0
81 47  0
81 48  0
81 49  0
81 50  0
81 51  0
81 52  0
81 54  0
81 53  0
81 55  0
81 56  0
81 57  0
81 58  0
81 59  0
81 60  0
81 61  0
81 62  0
81 63  0
81 64  0
81 65  0
81 66  0
81 67  0
81 68  0
81 69  0
81 70  0
81 71  0
81 72  0
81 73  4
81 74  3
81 75  1
81 77  1
81 76  1
81 82  1
81 79  1
81 81  1
81 78  1
81 84  1
81 80  1
81 83  1
81 85  1
81 87  1
81 86  1
81 89  1
81 88  1
81 91  1
81 90  1
81 93  1
81 92  1
81 95  1
81 94  1
81 96  1
81 97  1
81 98  1
82 0  3
82 2  3
82 4  3
82 3  3
82 5  3
81 99  1
82 1  3
82 6  3
82 8  3
82 7  3
82 9  3
82 10  3
82 11  3
82 12  3
82 13  3
82 14  3
82 15  3
82 16  3
82 18  3
82 17  3
82 19  3
82 20  3
82 21  3
82 28  0
82 29  0
82 30  0
82 31  0
82 32  0
82 23  3
82 24  3
82 26  1
82 25  3
82 22  3
82 33  0
82 27  2
82 35  0
82 34  0
82 36  0
82 37  0
82 38  0
82 39  0
82 40  0
82 41  0
82 42  0
82 44  0
82 43  0
82 45  0
82 46  0
82 47  0
82 49  0
82 48  0
82 50  0
82 52  0
82 51  0
82 53  0
82 54  0
82 55  0
82 57  0
82 56  0
82 58  0
82 59  0
82 60  0
82 61  0
82 62  0
82 63  0
82 64  0
82 65  0
82 66  0
82 67  0
82 68  0
82 70  0
82 69  0
82 71  0
82 72  4
82 73  3
82 74  1
82 75  1
82 76  1
82 77  1
82 79  1
82 78  1
82 80  1
82 81  1
82 82  1
82 83  1
82 84  1
82 85  1
82 87  1
82 88  1
82 89  1
82 86  1
82 91  1
82 90  1
82 92  1
82 93  1
82 94  1
82 95  1
82 96  1
82 97  1
83 0  3
82 98  1
82 99  1
83 1  3
83 2  3
83 3  3
83 4  3
83 5  3
83 6  3
83 7  3
83 8  3
83 9  3
83 11  3
83 10  3
83 13  3
83 14  3
83 12  3
83 15  3
83 16  3
83 17  3
83 18  3
83 19  3
83 20  3
83 29  0
83 30  0
83 31  0
83 21  3
83 22  3
83 25  3
83 24  3
83 23  3
83 32  0
83 27  1
83 28  2
83 26  3
83 33  0
83 34  0
83 35  0
83 36  0
83 37  0
83 40  0
83 38  0
83 39  0
83 43  0
83 41  0
83 42  0
83 44  0
83 45  0
83 46  0
83 47  0
83 48  0
83 49  0
83 50  0
83 51  0
83 52  0
83 53  0
83 54  0
83 55  0
83 56  0
83 57  0
83 58  0
83 59  0
83 60  0
83 61  0
83 62  0
83 63  0
83 66  0
83 65  0
83 67  0
83 68  0
83 69  0
83 64  0
83 70  0
83 73  1
83 72  3
83 74  1
83 71  4
83 75  1
83 76  1
83 78  1
83 77  1
83 79  1
83 80  1
83 81  1
83 82  1
83 83  1
83 85  1
83 87  1
83 84  1
83 86  1
83 88  1
83 89  1
83 91  1
83 90  1
83 92  1
83 93  1
83 94  1
83 95  1
83 96  1
83 97  1
84 0  3
84 1  3
83 98  1
83 99  1
84 2  3
84 3  3
84 4  3
84 5  3
84 6  3
84 7  3
84 8  3
84 11  3
84 13  3
84 16  3
84 14  3
84 9  3
84 12  3
84 10  3
84 15  3
84 17  3
84 18  3
84 20  3
84 19  3
84 27  3
84 22  3
84 23  3
84 26  3
84 24  3
84 25  3
84 21  3
84 29  2
84 28  3
84 32  0
84 31  0
84 35  0
84 30  3
84 34  0
84 33  0
84 37  0
84 38  0
84 39  0
84 36  0
84 40  0
84 41  0
84 42  0
84 45  0
84 46  0
84 47  0
84 43  0
84 48  0
84 44  0
84 49  0
84 51  0
84 50  0
84 52  0
84 53  0
84 55  0
84 57  0
84 58  0
84 56  0
84 54  0
84 61  0
84 62  0
84 60  0
84 63  0
84 59  0
84 64  0
84 65  0
84 67  0
84 68  0
84 66  0
84 70  4
84 71  1
84 74  1
84 73  1
84 69  1
84 75  1
84 72  1
84 77  1
84 76  1
84 79  1
84 78  1
84 80  1
84 81  1
84 83  1
84 82  1
84 86  1
84 84  1
84 85  1
84 87  1
84 88  1
84 89  1
84 90  1
84 91  1
84 92  1
84 93  1
84 94  1
84 95  1
84 96  1
84 97  1
84 98  1
85 0  3
84 99  1
85 1  3
85 2  3
85 3  3
85 4  3
85 5  3
85 6  3
85 7  3
85 8  3
85 9  3
85 10  3
85 11  3
85 12  3
85 14  3
85 13  3
85 15  3
85 16  3
85 17  3
85 21  3
85 18  3
85 19  3
85 20  3
85 22  3
85 23  3
85 24  3
85 25  3
85 26  3
85 27  3
85 33  0
85 32  0
85 34  0
85 28  3
85 36  0
85 37  0
85 35  0
85 38  0
85 39  0
85 29  3
85 30  1
85 31  2
85 40  0
85 41  0
85 42  0
85 43  0
85 44  0
85 45  0
85 46  0
85 47  0
85 48  0
85 51  0
85 50  0
85 49  0
85 52  0
85 53  0
85 54  0
85 55  0
85 56  0
85 57  0
85 58  0
85 59  0
85 60  0
85 61  0
85 62  0
85 63  0
85 64  0
85 65  0
85 66  0
85 67  0
85 68  4
85 69  3
85 70  1
85 71  1
85 72  1
85 74  1
85 73  1
85 76  1
85 75  1
85 78  1
85 79  1
85 77  1
85 81  1
85 80  1
85 82  1
85 83  1
85 84  1
85 85  1
85 86  1
85 87  1
85 88  1
85 89  1
85 90  1
85 91  1
85 92  1
85 94  1
85 96  1
85 93  1
85 97  1
85 98  1
85 95  1
85 99  1
86 0  3
86 3  3
86 1  3
86 2  3
86 4  3
86 5  3
86 6  3
86 8  3
86 9  3
86 7  3
86 10  3
86 11  3
86 12  3
86 13  3
86 14  3
86 15  3
86 16  3
86 17  3
86 18  3
86 19  3
86 20  3
86 22  3
86 23  3
86 21  3
86 24  3
86 25  3
86 26  3
86 27  3
86 34  0
86 35  0
86 36  0
86 28  3
86 37  0
86 38  0
86 39  0
86 30  3
86 32  2
86 29  3
86 31  3
86 40  0
86 41  0
86 33  2
86 42  0
86 43  0
86 44  0
86 45  0
86 46  0
86 47  0
86 50  0
86 48  0
86 49  0
86 51  0
86 52  0
86 53  0
86 54  0
86 56  0
86 55  0
86 57  0
86 58  0
86 59  0
86 60  0
86 61  0
86 64  0
86 62  0
86 65  0
86 63  0
86 66  4
86 67  4
86 69  1
86 68  1
86 70  1
86 72  1
86 71  1
86 73  1
86 74  1
86 76  1
86 75  1
86 77  1
86 78  1
86 80  1
86 81  1
86 82  1
86 84  1
86 79  1
86 85  1
86 86  1
86 83  1
86 87  1
86 88  1
86 89  1
86 90  1
86 92  1
86 91  1
86 94  1
86 93  1
86 96  1
86 95  1
86 98  1
86 97  1
86 99  1
87 0  3
87 1  3
87 2  3
87 3  3
87 5  3
87 4  3
87 7  3
87 8  3
87 6  3
87 9  3
87 10  3
87 11  3
87 12  3
87 13  3
87 14  3
87 15  3
87 16  3
87 18  3
87 19  3
87 17  3
87 20  3
87 21  3
87 22  3
87 23  3
87 24  3
87 25  3
87 26  3
87 27  3
87 36  0
87 37  0
87 28  3
87 29  3
87 30  3
87 31  3
87 32  3
87 38  0
87 33  1
87 34  2
87 35  2
87 41  0
87 40  0
87 39  0
87 43  0
87 42  0
87 44  0
87 45  0
87 46  0
87 47  0
87 48  0
87 49  0
87 50  0
87 52  0
87 53  0
87 54  0
87 51  0
87 56  0
87 55  0
87 59  0
87 57  0
87 60  0
87 58  0
87 61  0
87 62  0
87 63  0
87 65  4
87 66  3
87 68  1
87 64  4
87 70  1
87 67  1
87 71  1
87 69  1
87 72  1
87 73  1
87 74  1
87 75  1
87 76  1
87 77  1
87 79  1
87 78  1
87 80  1
87 81  1
87 83  1
87 82  1
87 84  1
87 86  1
87 85  1
87 87  1
87 88  1
87 89  1
87 90  1
87 91  1
87 93  1
87 92  1
87 95  1
87 94  1
87 96  1
87 98  1
87 97  1
87 99  1
88 0  3
88 2  3
88 1  3
88 3  3
88 4  3
88 7  3
88 6  3
88 5  3
88 9  3
88 8  3
88 10  3
88 11  3
88 12  3
88 13  3
88 14  3
88 15  3
88 16  3
88 18  3
88 17  3
88 19  3
88 20  3
88 23  3
88 21  3
88 22  3
88 24  3
88 25  3
88 26  3
88 27  3
88 28  3
88 30  3
88 29  3
88 31  3
88 33  3
88 38  0
88 35  3
88 32  3
88 39  0
88 34  3
88 40  0
88 41  0
88 42  0
88 36  1
88 43  0
88 37  2
88 44  0
88 45  0
88 46  0
88 48  0
88 47  0
88 49  0
88 50  0
88 51  0
88 52  0
88 54  0
88 53  0
88 55  0
88 57  0
88 58  0
88 56  0
88 60  0
88 61  0
88 59  0
88 62  4
88 64  1
88 63  3
88 66  1
88 67  1
88 65  1
88 68  1
88 70  1
88 73  1
88 69  1
88 72  1
88 71  1
88 74  1
88 75  1
88 76  1
88 77  1
88 78  1
88 79  1
88 81  1
88 80  1
88 82  1
88 84  1
88 85  1
88 83  1
88 86  1
88 88  1
88 87  1
88 89  1
88 90  1
88 91  1
88 93  1
88 92  1
88 94  1
88 97  1
88 95  1
88 96  1
88 98  1
88 99  1
89 0  3
89 1  3
89 2  3
89 3  3
89 4  3
89 5  3
89 6  3
89 7  3
89 8  3
89 9  3
89 11  3
89 10  3
89 12  3
89 13  3
89 14  3
89 18  3
89 17  3
89 15  3
89 16  3
89 19  3
89 21  3
89 20  3
89 22  3
89 23  3
89 24  3
89 25  3
89 26  3
89 27  3
89 28  3
89 29  3
89 30  3
89 31  3
89 32  3
89 33  3
89 34  3
89 35  3
89 42  0
89 36  3
89 37  3
89 38  1
89 43  0
89 44  0
89 39  2
89 40  2
89 45  0
89 46  0
89 48  0
89 47  0
89 41  2
89 49  0
89 50  0
89 51  0
89 52  0
89 53  0
89 54  0
89 55  0
89 56  0
89 57  0
89 58  4
89 59  4
89 60  4
89 61  3
89 62  1
89 63  1
89 64  1
89 65  1
89 67  1
89 66  1
89 68  1
89 69  1
89 70  1
89 72  1
89 71  1
89 74  1
89 73  1
89 75  1
89 76  1
89 78  1
89 77  1
89 79  1
89 80  1
89 81  1
89 85  1
89 83  1
89 82  1
89 84  1
89 86  1
89 87  1
89 88  1
89 89  1
89 90  1
89 92  1
89 91  1
89 93  1
89 94  1
89 95  1
89 97  1
89 96  1
89 99  1
89 98  1
90 0  3
90 1  3
90 2  3
90 4  3
90 3  3
90 5  3
90 6  3
90 8  3
90 7  3
90 9  3
90 10  3
90 11  3
90 13  3
90 15  3
90 12  3
90 14  3
90 16  3
90 17  3
90 18  3
90 19  3
90 21  3
90 20  3
90 22  3
90 23  3
90 24  3
90 25  3
90 26  3
90 27  3
90 28  3
90 29  3
90 30  3
90 31  3
90 32  3
90 33  3
90 34  3
90 35  3
90 37  3
90 36  3
90 38  3
90 39  3
90 41  1
90 40  3
90 49  0
90 42  1
90 50  0
90 43  2
90 44  2
90 46  2
90 45  2
90 47  2
90 48  4
90 52  4
90 51  2
90 53  4
90 54  4
90 55  4
90 56  4
90 57  3
90 58  3
90 59  1
90 60  1
90 61  1
90 62  1
90 63  1
90 64  1
90 65  1
90 66  1
90 67  1
90 69  1
90 70  1
90 68  1
90 71  1
90 72  1
90 74  1
90 73  1
90 75  1
90 76  1
90 78  1
90 77  1
90 79  1
90 80  1
90 81  1
90 83  1
90 86  1
90 85  1
90 84  1
90 82  1
90 87  1
90 89  1
90 91  1
90 90  1
90 93  1
90 92  1
90 88  1
90 94  1
90 95  1
90 96  1
90 99  1
91 0  3
90 98  1
90 97  1
91 1  3
91 3  3
91 4  3
91 6  3
91 2  3
91 8  3
91 7  3
91 5  3
91 9  3
91 10  3
91 13  3
91 11  3
91 12  3
91 14  3
91 15  3
91 16  3
91 18  3
91 19  3
91 17  3
91 20  3
91 21  3
91 22  3
91 23  3
91 24  3
91 25  3
91 27  3
91 26  3
91 28  3
91 29  3
91 30  3
91 31  3
91 33  3
91 32  3
91 34  3
91 35  3
91 36  3
91 38  3
91 37  3
91 39  3
91 40  3
91 41  3
91 42  3
91 43  3
91 45  3
91 44  3
91 47  3
91 46  3
91 49  1
91 48  1
91 50  3
91 52  1
91 51  3
91 53  1
91 54  1
91 55  1
91 56  1
91 57  1
91 58  1
91 59  1
91 60  1
91 63  1
91 62  1
91 61  1
91 65  1
91 64  1
91 67  1
91 66  1
91 68  1
91 69  1
91 70  1
91 71  1
91 72  1
91 74  1
91 75  1
91 73  1
91 77  1
91 76  1
91 78  1
91 79  1
91 80  1
91 81  1
91 82  1
91 83  1
91 84  1
91 85  1
91 87  1
91 86  1
91 88  1
91 89  1
91 91  1
91 90  1
91 93  1
91 92  1
91 94  1
91 95  1
91 96  1
91 98  1
92 0  3
91 97  1
91 99  1
92 1  3
92 2  3
92 3  3
92 4  3
92 5  3
92 6  3
92 7  3
92 8  3
92 9  3
92 10  3
92 13  3
92 11  3
92 12  3
92 14  3
92 15  3
92 16  3
92 18  3
92 17  3
92 19  3
92 20  3
92 21  3
92 22  3
92 23  3
92 24  3
92 25  3
92 26  3
92 27  3
92 28  3
92 29  3
92 30  3
92 31  3
92 32  3
92 33  3
92 34  3
92 35  3
92 37  3
92 36  3
92 38  3
92 39  3
92 40  3
92 41  3
92 42  3
92 44  3
92 45  3
92 43  3
92 46  3
92 47  3
92 48  3
92 49  3
92 50  1
92 51  1
92 53  1
92 52  1
92 54  1
92 55  1
92 56  1
92 57  1
92 59  1
92 58  1
92 60  1
92 61  1
92 62  1
92 63  1
92 64  1
92 65  1
92 66  1
92 67  1
92 68  1
92 69  1
92 70  1
92 71  1
92 72  1
92 73  1
92 74  1
92 75  1
92 76  1
92 77  1
92 78  1
92 79  1
92 80  1
92 81  1
92 82  1
92 83  1
92 85  1
92 84  1
92 86  1
92 87  1
92 88  1
92 89  1
92 91  1
92 90  1
92 92  1
92 93  1
92 94  1
92 95  1
92 98  1
92 96  1
92 97  1
92 99  1
93 0  3
93 1  3
93 4  3
93 2  3
93 3  3
93 5  3
93 6  3
93 7  3
93 8  3
93 9  3
93 10  3
93 12  3
93 11  3
93 13  3
93 14  3
93 15  3
93 17  3
93 18  3
93 16  3
93 19  3
93 20  3
93 21  3
93 22  3
93 23  3
93 25  3
93 24  3
93 26  3
93 27  3
93 28  3
93 29  3
93 30  3
93 31  3
93 32  3
93 33  3
93 34  3
93 35  3
93 36  3
93 37  3
93 39  3
93 38  3
93 41  3
93 40  3
93 42  3
93 43  3
93 44  3
93 45  3
93 46  3
93 47  3
93 48  3
93 49  3
93 50  1
93 52  1
93 51  1
93 53  1
93 54  1
93 55  1
93 56  1
93 58  1
93 57  1
93 59  1
93 60  1
93 61  1
93 62  1
93 64  1
93 63  1
93 65  1
93 67  1
93 66  1
93 68  1
93 69  1
93 70  1
93 71  1
93 72  1
93 73  1
93 74  1
93 75  1
93 76  1
93 77  1
93 78  1
93 79  1
93 80  1
93 81  1
93 83  1
93 82  1
93 84  1
93 86  1
93 87  1
93 85  1
93 88  1
93 89  1
93 90  1
93 92  1
93 91  1
93 94  1
93 96  1
93 95  1
93 93  1
93 97  1
93 98  1
94 0  3
93 99  1
94 1  3
94 2  3
94 3  3
94 4  3
94 5  3
94 6  3
94 7  3
94 8  3
94 9  3
94 10  3
94 11  3
94 13  3
94 14  3
94 12  3
94 15  3
94 16  3
94 17  3
94 18  3
94 19  3
94 20  3
94 22  3
94 23  3
94 21  3
94 24  3
94 26  3
94 25  3
94 27  3
94 28  3
94 29  3
94 30  3
94 32  3
94 31  3
94 33  3
94 36  3
94 34  3
94 35  3
94 37  3
94 38  3
94 39  3
94 40  3
94 41  3
94 42  3
94 43  3
94 44  3
94 45  3
94 47  3
94 48  3
94 46  3
94 49  3
94 50  1
94 51  1
94 52  1
94 53  1
94 54  1
94 55  1
94 56  1
94 57  1
94 59  1
94 58  1
94 60  1
94 61  1
94 62  1
94 63  1
94 64  1
94 65  1
94 66  1
94 67  1
94 68  1
94 69  1
94 70  1
94 72  1
94 71  1
94 75  1
94 74  1
94 73  1
94 77  1
94 76  1
94 78  1
94 79  1
94 81  1
94 80  1
94 82  1
94 84  1
94 83  1
94 85  1
94 86  1
94 87  1
94 88  1
94 89  1
94 90  1
94 91  1
94 92  1
94 94  1
94 93  1
94 95  1
94 96  1
94 97  1
94 98  1
94 99  1
95 0  3
95 2  3
95 1  3
95 4  3
95 3  3
95 5  3
95 8  3
95 7  3
95 6  3
95 9  3
95 10  3
95 11  3
95 12  3
95 13  3
95 14  3
95 15  3
95 17  3
95 16  3
95 19  3
95 18  3
95 20  3
95 21  3
95 22  3
95 23  3
95 24  3
95 25  3
95 26  3
95 29  3
95 28  3
95 30  3
95 27  3
95 31  3
95 32  3
95 34  3
95 33  3
95 36  3
95 35  3
95 37  3
95 38  3
95 39  3
95 41  3
95 40  3
95 43  3
95 42  3
95 44  3
95 46  3
95 45  3
95 47  3
95 48  3
95 49  3
95 50  1
95 51  1
95 52  1
95 53  1
95 54  1
95 55  1
95 56  1
95 58  1
95 57  1
95 59  1
95 60  1
95 61  1
95 62  1
95 63  1
95 64  1
95 65  1
95 66  1
95 67  1
95 69  1
95 70  1
95 68  1
95 71  1
95 73  1
95 72  1
95 74  1
95 76  1
95 75  1
95 77  1
95 78  1
95 79  1
95 80  1
95 81  1
95 82  1
95 83  1
95 84  1
95 85  1
95 86  1
95 87  1
95 89  1
95 91  1
95 90  1
95 88  1
95 92  1
95 93  1
95 95  1
95 94  1
95 96  1
95 97  1
95 98  1
95 99  1
96 0  3
96 1  3
96 2  3
96 3  3
96 4  3
96 5  3
96 6  3
96 7  3
96 8  3
96 9  3
96 11  3
96 10  3
96 13  3
96 16  3
96 14  3
96 12  3
96 15  3
96 17  3
96 18  3
96 19  3
96 20  3
96 21  3
96 22  3
96 23  3
96 24  3
96 26  3
96 25  3
96 27  3
96 28  3
96 30  3
96 29  3
96 31  3
96 32  3
96 33  3
96 35  3
96 34  3
96 36  3
96 38  3
96 37  3
96 40  3
96 39  3
96 41  3
96 42  3
96 43  3
96 44  3
96 45  3
96 47  3
96 46  3
96 48  3
96 49  3
96 52  1
96 50  1
96 51  1
96 54  1
96 53  1
96 55  1
96 56  1
96 57  1
96 58  1
96 60  1
96 61  1
96 59  1
96 63  1
96 62  1
96 64  1
96 65  1
96 66  1
96 67  1
96 68  1
96 69  1
96 70  1
96 71  1
96 72  1
96 74  1
96 75  1
96 73  1
96 77  1
96 78  1
96 76  1
96 80  1
96 79  1
96 82  1
96 81  1
96 83  1
96 84  1
96 85  1
96 86  1
96 87  1
96 88  1
96 89  1
96 90  1
96 91  1
96 92  1
96 94  1
96 96  1
96 93  1
96 95  1
96 98  1
96 97  1
97 0  3
96 99  1
97 1  3
97 2  3
97 3  3
97 4  3
97 7  3
97 5  3
97 8  3
97 6  3
97 11  3
97 9  3
97 10  3
97 12  3
97 13  3
97 14  3
97 15  3
97 16  3
97 18  3
97 17  3
97 19  3
97 20  3
97 22  3
97 21  3
97 24  3
97 23  3
97 25  3
97 27  3
97 26  3
97 28  3
97 29  3
97 31  3
97 30  3
97 32  3
97 34  3
97 33  3
97 35  3
97 37  3
97 36  3
97 38  3
97 39  3
97 40  3
97 42  3
97 41  3
97 43  3
97 44  3
97 45  3
97 46  3
97 48  3
97 47  3
97 49  3
97 50  1
97 51  1
97 52  1
97 53  1
97 55  1
97 57  1
97 54  1
97 56  1
97 58  1
97 59  1
97 61  1
97 62  1
97 60  1
97 63  1
97 64  1
97 65  1
97 66  1
97 67  1
97 69  1
97 70  1
97 68  1
97 71  1
97 72  1
97 73  1
97 74  1
97 75  1
97 76  1
97 77  1
97 78  1
97 79  1
97 80  1
97 81  1
97 83  1
97 82  1
97 84  1
97 85  1
97 86  1
97 87  1
97 88  1
97 89  1
97 90  1
97 91  1
97 92  1
97 93  1
97 94  1
97 95  1
97 96  1
97 97  1
97 98  1
97 99  1
98 0  3
98 1  3
98 2  3
98 4  3
98 5  3
98 3  3
98 6  3
98 7  3
98 8  3
98 9  3
98 10  3
98 11  3
98 12  3
98 14  3
98 13  3
98 15  3
98 17  3
98 18  3
98 19  3
98 16  3
98 20  3
98 21  3
98 22  3
98 23  3
98 24  3
98 26  3
98 27  3
98 25  3
98 28  3
98 29  3
98 30  3
98 31  3
98 32  3
98 33  3
98 34  3
98 35  3
98 36  3
98 37  3
98 38  3
98 39  3
98 40  3
98 41  3
98 43  3
98 42  3
98 44  3
98 45  3
98 46  3
98 47  3
98 48  3
98 49  3
98 50  1
98 51  1
98 52  1
98 53  1
98 54  1
98 55  1
98 56  1
98 57  1
98 58  1
98 59  1
98 61  1
98 60  1
98 62  1
98 63  1
98 64  1
98 65  1
98 66  1
98 67  1
98 68  1
98 69  1
98 70  1
98 72  1
98 71  1
98 73  1
98 74  1
98 76  1
98 75  1
98 77  1
98 78  1
98 79  1
98 80  1
98 81  1
98 82  1
98 83  1
98 84  1
98 85  1
98 86  1
98 87  1
98 88  1
98 89  1
98 90  1
98 92  1
98 91  1
98 93  1
98 94  1
98 95  1
98 96  1
98 97  1
98 98  1
98 99  1
99 0  3
99 1  3
99 2  3
99 3  3
99 4  3
99 5  3
99 6  3
99 7  3
99 8  3
99 9  3
99 10  3
99 11  3
99 12  3
99 13  3
99 15  3
99 14  3
99 16  3
99 17  3
99 18  3
99 19  3
99 20  3
99 21  3
99 23  3
99 22  3
99 24  3
99 25  3
99 27  3
99 26  3
99 28  3
99 29  3
99 30  3
99 31  3
99 33  3
99 32  3
99 34  3
99 35  3
99 36  3
99 37  3
99 38  3
99 39  3
99 40  3
99 41  3
99 42  3
99 43  3
99 44  3
99 45  3
99 46  3
99 47  3
99 48  3
99 49  3
99 50  1
99 51  1
99 52  1
99 53  1
99 54  1
99 55  1
99 56  1
99 57  1
99 58  1
99 59  1
99 60  1
99 62  1
99 61  1
99 63  1
99 64  1
99 66  1
99 65  1
99 67  1
99 68  1
99 69  1
99 70  1
99 71  1
99 72  1
99 73  1
99 74  1
99 75  1
99 76  1
99 78  1
99 77  1
99 79  1
99 80  1
99 81  1
99 82  1
99 83  1
99 84  1
99 85  1
99 86  1
99 87  1
99 88  1
99 89  1
99 90  1
99 91  1
99 92  1
99 93  1
99 94  1
99 95  1
99 96  1
99 97  1
99 98  1
99 99  1
